Begin step 0
Stress 0 0 0 0 0 0 0 0 0
Strain 0 0 0 0 0 0 0 0 0
Strain mean 0 0 0 0 0 0 0 0 0
Plastic strain_mean 0 0 0 0 0 0 0 0 0
Plastic strain_rate_mean 0 0 0 0 0 0 0 0 0
Dissipation 0
End step 0
Begin step 1
Stress -2.16725e-14 6.6564 -3.25887e-12 6.6564 1.96583e-14 2.24082e-12 -3.25887e-12 2.24082e-12 -6.04808e-16
Strain 0 3.33333e-05 0 3.33333e-05 0 0 0 0 0
Strain mean -4.02312e-21 3.33333e-05 -1.62943e-17 3.33333e-05 3.77964e-33 1.12041e-17 -1.62943e-17 1.12041e-17 8.17016e-34
Plastic strain_mean 1.01316e-19 5.13295e-08 0 5.13295e-08 -1.01316e-19 0 0 0 0
Plastic strain_rate_mean 0 0 0 0 0 0 0 0 0
Dissipation 3.41669e-07
End step 1
Begin step 2
Stress -8.64995e-14 13.3026 1.71476e-12 13.3026 8.76447e-14 -5.65314e-12 1.71476e-12 -5.65314e-12 3.43889e-16
Strain 0 6.66667e-05 0 6.66667e-05 0 0 0 0 0
Strain mean 2.28751e-21 6.66667e-05 8.57382e-18 6.66667e-05 1.09056e-32 -2.82657e-17 8.57382e-18 -2.82657e-17 -7.88428e-34
Plastic strain_mean 4.36504e-19 1.53909e-07 0 1.53909e-07 -4.36504e-19 0 0 0 0
Plastic strain_rate_mean 0 0 0 0 0 0 0 0 0
Dissipation 1.36457e-06
End step 2
Begin step 3
Stress -1.51548e-13 19.9385 1.71595e-12 19.9385 1.54857e-13 -5.6445e-12 1.71595e-12 -5.6445e-12 9.93458e-16
Strain 0 0.0001 0 0.0001 0 0 0 0 0
Strain mean 6.60837e-21 0.0001 8.57973e-18 0.0001 7.46298e-33 -2.82225e-17 8.57973e-18 -2.82225e-17 -1.45047e-33
Plastic strain_mean 7.69317e-19 3.0766e-07 0 3.0766e-07 -7.69317e-19 0 0 0 0
Plastic strain_rate_mean 0 0 0 0 0 0 0 0 0
Dissipation 3.06554e-06
End step 3
Begin step 4
Stress -2.26307e-13 26.5642 1.71796e-12 26.5642 2.1732e-13 -5.63136e-12 1.71796e-12 -5.63136e-12 -2.69871e-15
Strain 0 0.000133333 0 0.000133333 0 0 0 0 0
Strain mean -1.79515e-20 0.000133333 8.58978e-18 0.000133333 8.16113e-33 -2.81568e-17 8.58978e-18 -2.81568e-17 -1.13449e-33
Plastic strain_mean 1.10009e-18 5.12503e-07 0 5.12503e-07 -1.10009e-18 0 0 0 0
Plastic strain_rate_mean 0 0 0 0 0 0 0 0 0
Dissipation 5.44145e-06
End step 4
Begin step 5
Stress -2.77448e-13 33.1797 1.72296e-12 33.1797 2.89359e-13 -5.61946e-12 1.72296e-12 -5.61946e-12 3.57645e-15
Strain 0 0.000166667 0 0.000166667 0 0 0 0 0
Strain mean 2.37901e-20 0.000166667 8.6148e-18 0.000166667 1.08574e-32 -2.80973e-17 8.6148e-18 -2.80973e-17 -7.55326e-34
Plastic strain_mean 1.42891e-18 7.68359e-07 0 7.68359e-07 -1.42891e-18 0 0 0 0
Plastic strain_rate_mean 0 0 0 0 0 0 0 0 0
Dissipation 8.48915e-06
End step 5
Begin step 6
Stress -3.63385e-13 39.785 1.72017e-12 39.785 3.45846e-13 -5.60812e-12 1.72017e-12 -5.60812e-12 -5.26642e-15
Strain 0 0.0002 0 0.0002 0 0 0 0 0
Strain mean -3.50316e-20 0.0002 8.60085e-18 0.0002 1.75741e-32 -2.80406e-17 8.60085e-18 -2.80406e-17 -1.21273e-33
Plastic strain_mean 1.75556e-18 1.07515e-06 0 1.07515e-06 -1.75556e-18 0 0 0 0
Plastic strain_rate_mean 0 0 0 0 0 0 0 0 0
Dissipation 1.22055e-05
End step 6
Begin step 7
Stress -2.67247e-13 46.38 2.80602e-12 46.38 3.14789e-13 3.36931e-12 2.80602e-12 3.36931e-12 1.42752e-14
Strain 0 0.000233333 0 0.000233333 0 0 0 0 0
Strain mean 9.49572e-20 0.000233333 1.40301e-17 0.000233333 3.92408e-33 1.68466e-17 1.40301e-17 1.68466e-17 -2.76852e-33
Plastic strain_mean 1.50257e-18 1.43314e-06 0 1.43314e-06 -1.50257e-18 0 0 0 0
Plastic strain_rate_mean 0 0 0 0 0 0 0 0 0
Dissipation 1.66034e-05
End step 7
Begin step 8
Stress -2.86122e-13 52.9643 2.8161e-12 52.9643 3.11674e-13 -1.92747e-12 2.8161e-12 -1.92747e-12 7.67255e-15
Strain 0 0.000266667 0 0.000266667 0 0 0 0 0
Strain mean 5.10369e-20 0.000266667 1.40805e-17 0.000266667 -3.66769e-32 -9.63735e-18 1.40805e-17 -9.63735e-18 2.56841e-33
Plastic strain_mean 1.52001e-18 1.84541e-06 0 1.84541e-06 -1.52001e-18 0 0 0 0
Plastic strain_rate_mean 0 0 0 0 0 0 0 0 0
Dissipation 2.18354e-05
End step 8
Begin step 9
Stress -2.8567e-13 59.5349 2.61654e-12 59.5349 3.16938e-13 -1.61308e-12 2.61654e-12 -1.61308e-12 9.38872e-15
Strain 0 0.0003 0 0.0003 0 0 0 0 0
Strain mean 6.24527e-20 0.0003 1.30827e-17 0.0003 -8.57039e-33 -8.0654e-18 1.30827e-17 -8.0654e-18 6.09376e-33
Plastic strain_mean 1.53775e-18 2.32535e-06 0 2.32535e-06 -1.53775e-18 0 0 0 0
Plastic strain_rate_mean 0 0 0 0 0 0 0 0 0
Dissipation 2.85725e-05
End step 9
Begin step 10
Stress -3.61715e-13 66.0878 2.07212e-12 66.0878 3.25865e-13 -1.67632e-13 2.07212e-12 -1.67632e-13 -1.07643e-14
Strain 0 0.000333333 0 0.000333333 0 0 0 0 0
Strain mean -7.16028e-20 0.000333333 1.03606e-17 0.000333333 -4.91112e-33 -8.38162e-19 1.03606e-17 -8.38162e-19 5.32029e-33
Plastic strain_mean 1.68315e-18 2.89449e-06 0 2.89449e-06 -1.68315e-18 0 0 0 0
Plastic strain_rate_mean 0 0 0 0 0 0 0 0 0
Dissipation 3.7613e-05
End step 10
Begin step 11
Stress -1.87383e-13 72.6159 2.383e-12 72.6159 1.83973e-13 -5.11999e-12 2.383e-12 -5.11999e-12 -1.02403e-15
Strain 0 0.000366667 0 0.000366667 0 0 0 0 0
Strain mean -6.8117e-21 0.000366667 1.1915e-17 0.000366667 -8.30136e-32 -2.56e-17 1.1915e-17 -2.56e-17 -4.11668e-33
Plastic strain_mean 9.24984e-19 3.58705e-06 0 3.58705e-06 -9.24984e-19 0 0 0 0
Plastic strain_rate_mean 0 0 0 0 0 0 0 0 0
Dissipation 5.02897e-05
End step 11
Begin step 12
Stress -2.20586e-13 79.1077 2.46792e-12 79.1077 2.07846e-13 -1.60684e-13 2.46792e-12 -1.60684e-13 -3.82536e-15
Strain 0 0.0004 0 0.0004 0 0 0 0 0
Strain mean -2.54458e-20 0.0004 1.23396e-17 0.0004 3.10315e-32 -8.03418e-19 1.23396e-17 -8.03418e-19 -2.34271e-33
Plastic strain_mean 1.05835e-18 4.46169e-06 0 4.46169e-06 -1.05835e-18 0 0 0 0
Plastic strain_rate_mean 0 0 0 0 0 0 0 0 0
Dissipation 6.9189e-05
End step 12
Begin step 13
Stress -9.87333e-14 85.5413 -2.94748e-12 85.5413 1.3387e-13 1.58731e-12 -2.94748e-12 1.58731e-12 1.05503e-14
Strain 0 0.000433333 0 0.000433333 0 0 0 0 0
Strain mean 7.01794e-20 0.000433333 -1.47374e-17 0.000433333 -4.85846e-33 7.93656e-18 -1.47374e-17 7.93656e-18 -5.34145e-34
Plastic strain_mean 6.16598e-19 5.62708e-06 0 5.62708e-06 -6.16598e-19 0 0 0 0
Plastic strain_rate_mean 0 0 0 0 0 0 0 0 0
Dissipation 9.96854e-05
End step 13
Begin step 14
Stress -3.32219e-13 91.8707 3.70244e-12 91.8707 3.31899e-13 -2.1103e-12 3.70244e-12 -2.1103e-12 -9.60706e-17
Strain 0 0.000466667 0 0.000466667 0 0 0 0 0
Strain mean -6.39051e-22 0.000466667 1.85122e-17 0.000466667 -2.21241e-32 -1.05515e-17 1.85122e-17 -1.05515e-17 4.67941e-33
Plastic strain_mean 1.65997e-18 7.31328e-06 0 7.31328e-06 -1.65997e-18 0 0 0 0
Plastic strain_rate_mean 0 0 0 0 0 0 0 0 0
Dissipation 0.000154907
End step 14
Begin step 15
Stress -2.43243e-13 97.9776 6.53761e-13 97.9776 2.15654e-13 -1.79777e-12 6.53761e-13 -1.79777e-12 -8.28391e-15
Strain 0 0.0005 0 0.0005 0 0 0 0 0
Strain mean -5.51036e-20 0.0005 3.2688e-18 0.0005 -2.00778e-32 -8.98887e-18 3.2688e-18 -8.98887e-18 -8.62456e-33
Plastic strain_mean 1.11969e-18 1.01119e-05 0 1.01119e-05 -1.11969e-18 0 0 0 0
Plastic strain_rate_mean 0 0 0 0 0 0 0 0 0
Dissipation 0.00027419
End step 15
Begin step 16
Stress -1.1345e-12 103.445 1.58822e-12 103.445 1.16259e-12 3.01925e-12 1.58822e-12 3.01925e-12 8.43675e-15
Strain 0 0.000533333 0 0.000533333 0 0 0 0 0
Strain mean 5.61203e-20 0.000533333 7.94109e-18 0.000533333 2.19676e-32 1.50963e-17 7.94109e-18 1.50963e-17 9.62965e-34
Plastic strain_mean 5.77078e-18 1.61059e-05 0 1.61059e-05 -5.77078e-18 0 0 0 0
Plastic strain_rate_mean 0 0 0 0 0 0 0 0 0
Dissipation 0.000619999
End step 16
Begin step 17
Stress -4.25215e-14 106.896 1.71371e-12 106.896 4.98949e-14 -2.47149e-12 1.71371e-12 -2.47149e-12 2.21399e-15
Strain 0 0.000566667 0 0.000566667 0 0 0 0 0
Strain mean 1.47272e-20 0.000566667 8.56855e-18 0.000566667 -3.16274e-33 -1.23575e-17 8.56855e-18 -1.23575e-17 -2.6632e-34
Plastic strain_mean 2.38405e-19 3.21859e-05 0 3.21859e-05 -2.38405e-19 0 0 0 0
Plastic strain_rate_mean 0 0 0 0 0 0 0 0 0
Dissipation 0.00171864
End step 17
Begin step 18
Stress 1.69317e-13 107.922 -3.045e-13 107.922 -2.23883e-13 4.99649e-12 -3.045e-13 4.99649e-12 -1.63844e-14
Strain 0 0.0006 0 0.0006 0 0 0 0 0
Strain mean -1.08987e-19 0.0006 -1.5225e-18 0.0006 2.25695e-34 2.49825e-17 -1.5225e-18 2.49825e-17 2.20316e-33
Plastic strain_mean -1.0375e-18 6.03916e-05 0 6.03916e-05 1.0375e-18 0 0 0 0
Plastic strain_rate_mean 0 0 0 0 0 0 0 0 0
Dissipation 0.00304331
End step 18
Begin step 19
Stress -1.60288e-12 108.126 1.22529e-12 108.126 1.52275e-12 -1.26754e-12 1.22529e-12 -1.26754e-12 -2.40613e-14
Strain 0 0.000633333 0 0.000633333 0 0 0 0 0
Strain mean -1.60053e-19 0.000633333 6.12647e-18 0.000633333 5.66416e-31 -6.33769e-18 6.12647e-18 -6.33769e-18 5.11575e-34
Plastic strain_mean 7.73404e-18 9.2702e-05 0 9.2702e-05 -7.73404e-18 0 0 0 0
Plastic strain_rate_mean 0 0 0 0 0 0 0 0 0
Dissipation 0.00349256
End step 19
Begin step 20
Stress -3.5149e-14 108.18 1.74115e-12 108.18 5.75456e-14 -5.60014e-12 1.74115e-12 -5.60014e-12 6.72495e-15
Strain 0 0.000666667 0 0.000666667 0 0 0 0 0
Strain mean 4.47336e-20 0.000666667 8.70575e-18 0.000666667 1.05926e-33 -2.80007e-17 8.70575e-18 -2.80007e-17 -5.01645e-33
Plastic strain_mean 2.54103e-19 0.000125767 0 0.000125767 -2.54103e-19 0 0 0 0
Plastic strain_rate_mean 0 0 0 0 0 0 0 0 0
Dissipation 0.00357568
End step 20
Begin step 21
Stress -2.08488e-12 108.209 -1.44253e-13 108.209 2.0671e-12 -3.93326e-12 -1.44253e-13 -3.93326e-12 -5.34065e-15
Strain 0 0.0007 0 0.0007 0 0 0 0 0
Strain mean -3.55254e-20 0.0007 -7.21263e-19 0.0007 -1.4926e-33 -1.96663e-17 -7.21263e-19 -1.96663e-17 -3.3275e-33
Plastic strain_mean 1.03622e-17 0.000158955 0 0.000158955 -1.03622e-17 0 0 0 0
Plastic strain_rate_mean 0 0 0 0 0 0 0 0 0
Dissipation 0.00358971
End step 21
Begin step 22
Stress -2.27153e-12 108.234 -2.68404e-13 108.234 2.37691e-12 -2.66736e-12 -2.68404e-13 -2.66736e-12 3.16422e-14
Strain 0 0.000733333 0 0.000733333 0 0 0 0 0
Strain mean 2.1048e-19 0.000733333 -1.34202e-18 0.000733333 2.76852e-34 -1.33368e-17 -1.34202e-18 -1.33368e-17 -2.18548e-33
Plastic strain_mean 1.17263e-17 0.000192164 0 0.000192164 -1.17263e-17 0 0 0 0
Plastic strain_rate_mean 0 0 0 0 0 0 0 0 0
Dissipation 0.00359264
End step 22
Begin step 23
Stress -1.93431e-12 108.258 -2.32179e-13 108.258 1.91412e-12 -1.99674e-12 -2.32179e-13 -1.99674e-12 -6.06118e-15
Strain 0 0.000766667 0 0.000766667 0 0 0 0 0
Strain mean -4.03183e-20 0.000766667 -1.1609e-18 0.000766667 1.21574e-33 -9.98371e-18 -1.1609e-18 -9.98371e-18 -1.52946e-33
Plastic strain_mean 9.60093e-18 0.000225378 0 0.000225378 -9.60093e-18 0 0 0 0
Plastic strain_rate_mean 0 0 0 0 0 0 0 0 0
Dissipation 0.00359379
End step 23
Begin step 24
Stress -1.52246e-12 108.281 -1.97611e-13 108.281 1.55761e-12 -1.53813e-12 -1.97611e-13 -1.53813e-12 1.05547e-14
Strain 0 0.0008 0 0.0008 0 0 0 0 0
Strain mean 7.02085e-20 0.0008 -9.88054e-19 0.0008 -1.92593e-34 -7.69065e-18 -9.88054e-19 -7.69065e-18 -1.5272e-33
Plastic strain_mean 7.73529e-18 0.000258594 0 0.000258594 -7.73529e-18 0 0 0 0
Plastic strain_rate_mean 0 0 0 0 0 0 0 0 0
Dissipation 0.00359462
End step 24
Begin step 25
Stress -1.28438e-12 108.304 -1.80455e-13 108.304 1.19035e-12 -1.20229e-12 -1.80455e-13 -1.20229e-12 -2.82317e-14
Strain 0 0.000833333 0 0.000833333 0 0 0 0 0
Strain mean -1.87794e-19 0.000833333 -9.02277e-19 0.000833333 -8.39585e-34 -6.01147e-18 -9.02277e-19 -6.01147e-18 -1.03895e-33
Plastic strain_mean 6.09293e-18 0.000291811 0 0.000291811 -6.09293e-18 0 0 0 0
Plastic strain_rate_mean 0 0 0 0 0 0 0 0 0
Dissipation 0.00359538
End step 25
Begin step 26
Stress -9.44256e-13 108.327 -1.28257e-13 108.327 9.86359e-13 -9.57223e-13 -1.28257e-13 -9.57223e-13 1.2642e-14
Strain 0 0.000866667 0 0.000866667 0 0 0 0 0
Strain mean 8.40933e-20 0.000866667 -6.41283e-19 0.000866667 1.09537e-33 -4.78612e-18 -6.41283e-19 -4.78612e-18 -8.78141e-34
Plastic strain_mean 4.86859e-18 0.00032503 0 0.00032503 -4.86859e-18 0 0 0 0
Plastic strain_rate_mean 0 0 0 0 0 0 0 0 0
Dissipation 0.0035961
End step 26
Begin step 27
Stress -2.06692e-12 108.35 -6.66243e-12 108.35 1.97029e-12 -1.16245e-12 -6.66243e-12 -1.16245e-12 -2.90133e-14
Strain 0 0.0009 0 0.0009 0 0 0 0 0
Strain mean -1.92993e-19 0.0009 -3.33122e-17 0.0009 -2.88889e-33 -5.81225e-18 -3.33122e-17 -5.81225e-18 3.37564e-33
Plastic strain_mean 9.99654e-18 0.000358249 0 0.000358249 -9.99654e-18 0 0 0 0
Plastic strain_rate_mean 0 0 0 0 0 0 0 0 0
Dissipation 0.0035968
End step 27
Begin step 28
Stress -1.96978e-12 108.373 -5.61075e-12 108.373 1.86219e-12 -8.85391e-13 -5.61075e-12 -8.85391e-13 -3.23059e-14
Strain 0 0.000933333 0 0.000933333 0 0 0 0 0
Strain mean -2.14895e-19 0.000933333 -2.80538e-17 0.000933333 -6.74075e-33 -4.42695e-18 -2.80538e-17 -4.42695e-18 4.99613e-33
Plastic strain_mean 9.4725e-18 0.000391469 0 0.000391469 -9.4725e-18 0 0 0 0
Plastic strain_rate_mean 0 0 0 0 0 0 0 0 0
Dissipation 0.00359748
End step 28
Begin step 29
Stress -1.71951e-12 108.395 -4.76544e-12 108.395 1.70539e-12 -6.93888e-13 -4.76544e-12 -6.93888e-13 -4.24021e-15
Strain 0 0.000966667 0 0.000966667 0 0 0 0 0
Strain mean -2.82054e-20 0.000966667 -2.38272e-17 0.000966667 -3.64723e-33 -3.46944e-18 -2.38272e-17 -3.46944e-18 4.32732e-33
Plastic strain_mean 8.54816e-18 0.000424689 0 0.000424689 -8.54816e-18 0 0 0 0
Plastic strain_rate_mean 0 0 0 0 0 0 0 0 0
Dissipation 0.00359816
End step 29
Begin step 30
Stress -1.58147e-12 108.418 -4.12814e-12 108.418 1.51235e-12 -5.6246e-13 -4.12814e-12 -5.6246e-13 -2.07556e-14
Strain 0 0.001 0 0.001 0 0 0 0 0
Strain mean -1.38064e-19 0.001 -2.06407e-17 0.001 -1.56482e-33 -2.8123e-18 -2.06407e-17 -2.8123e-18 4.15664e-33
Plastic strain_mean 7.66552e-18 0.00045791 0 0.00045791 -7.66552e-18 0 0 0 0
Plastic strain_rate_mean 0 0 0 0 0 0 0 0 0
Dissipation 0.00359883
End step 30
