Begin step 0
Stress 0 0 0 0 0 0 0 0 0
Strain 0 0 0 0 0 0 0 0 0
Strain mean 0 0 0 0 0 0 0 0 0
Plastic strain_mean 0 0 0 0 0 0 0 0 0
Plastic strain_rate_mean 0 0 0 0 0 0 0 0 0
Dissipation 0
End step 0
Begin step 1
Stress -2.16725e-14 6.6564 -3.25887e-12 6.6564 1.96583e-14 2.24082e-12 -3.25887e-12 2.24082e-12 -6.04808e-16
Strain 0 3.33333e-05 0 3.33333e-05 0 0 0 0 0
Strain mean -4.02312e-21 3.33333e-05 -1.62943e-17 3.33333e-05 3.77964e-33 1.12041e-17 -1.62943e-17 1.12041e-17 8.17016e-34
Plastic strain_mean 1.01316e-19 5.13295e-08 0 5.13295e-08 -1.01316e-19 0 0 0 0
Plastic strain_rate_mean 0 0 0 0 0 0 0 0 0
Dissipation 3.41669e-07
End step 1
Begin step 2
Stress -8.64995e-14 13.3026 1.71476e-12 13.3026 8.76447e-14 -5.65314e-12 1.71476e-12 -5.65314e-12 3.43889e-16
Strain 0 6.66667e-05 0 6.66667e-05 0 0 0 0 0
Strain mean 2.28751e-21 6.66667e-05 8.57382e-18 6.66667e-05 1.09056e-32 -2.82657e-17 8.57382e-18 -2.82657e-17 -7.88428e-34
Plastic strain_mean 4.36504e-19 1.53909e-07 0 1.53909e-07 -4.36504e-19 0 0 0 0
Plastic strain_rate_mean 0 0 0 0 0 0 0 0 0
Dissipation 1.36457e-06
End step 2
Begin step 3
Stress -1.51548e-13 19.9385 1.71595e-12 19.9385 1.54857e-13 -5.6445e-12 1.71595e-12 -5.6445e-12 9.93458e-16
Strain 0 0.0001 0 0.0001 0 0 0 0 0
Strain mean 6.60837e-21 0.0001 8.57973e-18 0.0001 7.46298e-33 -2.82225e-17 8.57973e-18 -2.82225e-17 -1.45047e-33
Plastic strain_mean 7.69317e-19 3.0766e-07 0 3.0766e-07 -7.69317e-19 0 0 0 0
Plastic strain_rate_mean 0 0 0 0 0 0 0 0 0
Dissipation 3.06554e-06
End step 3
Begin step 4
Stress -2.26307e-13 26.5642 1.71796e-12 26.5642 2.1732e-13 -5.63136e-12 1.71796e-12 -5.63136e-12 -2.69871e-15
Strain 0 0.000133333 0 0.000133333 0 0 0 0 0
Strain mean -1.79515e-20 0.000133333 8.58978e-18 0.000133333 8.16113e-33 -2.81568e-17 8.58978e-18 -2.81568e-17 -1.13449e-33
Plastic strain_mean 1.10009e-18 5.12503e-07 0 5.12503e-07 -1.10009e-18 0 0 0 0
Plastic strain_rate_mean 0 0 0 0 0 0 0 0 0
Dissipation 5.44145e-06
End step 4
Begin step 5
Stress -2.77448e-13 33.1797 1.72296e-12 33.1797 2.89359e-13 -5.61946e-12 1.72296e-12 -5.61946e-12 3.57645e-15
Strain 0 0.000166667 0 0.000166667 0 0 0 0 0
Strain mean 2.37901e-20 0.000166667 8.6148e-18 0.000166667 1.08574e-32 -2.80973e-17 8.6148e-18 -2.80973e-17 -7.55326e-34
Plastic strain_mean 1.42891e-18 7.68359e-07 0 7.68359e-07 -1.42891e-18 0 0 0 0
Plastic strain_rate_mean 0 0 0 0 0 0 0 0 0
Dissipation 8.48915e-06
End step 5
Begin step 6
Stress -3.63385e-13 39.785 1.72017e-12 39.785 3.45846e-13 -5.60812e-12 1.72017e-12 -5.60812e-12 -5.26642e-15
Strain 0 0.0002 0 0.0002 0 0 0 0 0
Strain mean -3.50316e-20 0.0002 8.60085e-18 0.0002 1.75741e-32 -2.80406e-17 8.60085e-18 -2.80406e-17 -1.21273e-33
Plastic strain_mean 1.75556e-18 1.07515e-06 0 1.07515e-06 -1.75556e-18 0 0 0 0
Plastic strain_rate_mean 0 0 0 0 0 0 0 0 0
Dissipation 1.22055e-05
End step 6
Begin step 7
Stress -2.89579e-13 46.38 3.27089e-12 46.38 2.93062e-13 3.92409e-12 3.27089e-12 3.92409e-12 1.04586e-15
Strain 0 0.000233333 0 0.000233333 0 0 0 0 0
Strain mean 6.95694e-21 0.000233333 1.63545e-17 0.000233333 -7.22224e-34 1.96204e-17 1.63545e-17 1.96204e-17 -3.56297e-33
Plastic strain_mean 1.46008e-18 1.43316e-06 0 1.43316e-06 -1.46008e-18 0 0 0 0
Plastic strain_rate_mean 0 0 0 0 0 0 0 0 0
Dissipation 1.66042e-05
End step 7
Begin step 8
Stress -3.12608e-13 52.9642 3.30658e-12 52.9642 2.93193e-13 -2.15489e-12 3.30658e-12 -2.15489e-12 -5.82974e-15
Strain 0 0.000266667 0 0.000266667 0 0 0 0 0
Strain mean -3.87788e-20 0.000266667 1.65329e-17 0.000266667 -4.47177e-33 -1.07744e-17 1.65329e-17 -1.07744e-17 3.25603e-33
Plastic strain_mean 1.49511e-18 1.84567e-06 0 1.84567e-06 -1.49511e-18 0 0 0 0
Plastic strain_rate_mean 0 0 0 0 0 0 0 0 0
Dissipation 2.1848e-05
End step 8
Begin step 9
Stress -3.02863e-13 59.5346 3.27624e-12 59.5346 3.07676e-13 -2.05511e-12 3.27624e-12 -2.05511e-12 1.44543e-15
Strain 0 0.0003 0 0.0003 0 0 0 0 0
Strain mean 9.61481e-21 0.0003 1.63812e-17 0.0003 4.66557e-32 -1.02756e-17 1.63812e-17 -1.02756e-17 6.64446e-33
Plastic strain_mean 1.53116e-18 2.32706e-06 0 2.32706e-06 -1.53116e-18 0 0 0 0
Plastic strain_rate_mean 0 0 0 0 0 0 0 0 0
Dissipation 2.86593e-05
End step 9
Begin step 10
Stress -2.59308e-13 66.0864 6.04694e-13 66.0864 2.51222e-13 -1.49955e-12 6.04694e-13 -1.49955e-12 -2.42797e-15
Strain 0 0.000333333 0 0.000333333 0 0 0 0 0
Strain mean -1.61506e-20 0.000333333 3.02347e-18 0.000333333 2.25093e-32 -7.49773e-18 3.02347e-18 -7.49773e-18 -4.54399e-34
Plastic strain_mean 1.26825e-18 2.90122e-06 0 2.90122e-06 -1.26825e-18 0 0 0 0
Plastic strain_rate_mean 0 0 0 0 0 0 0 0 0
Dissipation 3.7943e-05
End step 10
Begin step 11
Stress -2.26521e-13 72.6117 2.55652e-12 72.6117 2.39624e-13 -3.4556e-12 2.55652e-12 -3.4556e-12 3.93453e-15
Strain 0 0.000366667 0 0.000366667 0 0 0 0 0
Strain mean 2.6172e-20 0.000366667 1.27826e-17 0.000366667 2.42299e-32 -1.7278e-17 1.27826e-17 -1.7278e-17 5.15337e-33
Plastic strain_mean 1.17845e-18 3.60817e-06 0 3.60817e-06 -1.17845e-18 0 0 0 0
Plastic strain_rate_mean 0 0 0 0 0 0 0 0 0
Dissipation 5.13321e-05
End step 11
Begin step 12
Stress -2.60076e-13 79.0956 -4.76462e-12 79.0956 2.25812e-13 3.69299e-12 -4.76462e-12 3.69299e-12 -1.02883e-14
Strain 0 0.0004 0 0.0004 0 0 0 0 0
Strain mean -6.84365e-20 0.0004 -2.38231e-17 0.0004 -3.37098e-32 1.8465e-17 -2.38231e-17 1.8465e-17 -1.64306e-33
Plastic strain_mean 1.1805e-18 4.52178e-06 0 4.52178e-06 -1.1805e-18 0 0 0 0
Plastic strain_rate_mean 0 0 0 0 0 0 0 0 0
Dissipation 7.22602e-05
End step 12
Begin step 13
Stress -2.2367e-13 85.5075 2.51369e-12 85.5075 1.67605e-13 -1.24074e-12 2.51369e-12 -1.24074e-12 -1.68342e-14
Strain 0 0.000433333 0 0.000433333 0 0 0 0 0
Strain mean -1.11979e-19 0.000433333 1.25684e-17 0.000433333 -1.01713e-33 -6.20372e-18 1.25684e-17 -6.20372e-18 3.29326e-34
Plastic strain_mean 9.22198e-19 5.79569e-06 0 5.79569e-06 -9.22198e-19 0 0 0 0
Plastic strain_rate_mean 0 0 0 0 0 0 0 0 0
Dissipation 0.000108925
End step 13
Begin step 14
Stress -4.68665e-13 91.7685 -1.52046e-12 91.7685 4.3747e-13 -8.81061e-13 -1.52046e-12 -8.81061e-13 -9.36689e-15
Strain 0 0.000466667 0 0.000466667 0 0 0 0 0
Strain mean -6.23075e-20 0.000466667 -7.60231e-18 0.000466667 -4.56638e-31 -4.40531e-18 -7.60231e-18 -4.40531e-18 -3.34931e-33
Plastic strain_mean 2.23418e-18 7.82396e-06 0 7.82396e-06 -2.23418e-18 0 0 0 0
Plastic strain_rate_mean 0 0 0 0 0 0 0 0 0
Dissipation 0.000186123
End step 14
Begin step 15
Stress -1.88098e-12 97.5867 -3.50141e-12 97.5867 1.84379e-12 6.57471e-12 -3.50141e-12 6.57471e-12 -1.1166e-14
Strain 0 0.0005 0 0.0005 0 0 0 0 0
Strain mean -7.42751e-20 0.0005 -1.75071e-17 0.0005 1.20852e-31 3.28735e-17 -1.75071e-17 3.28735e-17 -5.35649e-34
Plastic strain_mean 9.27477e-18 1.20666e-05 0 1.20666e-05 -9.27477e-18 0 0 0 0
Plastic strain_rate_mean 0 0 0 0 0 0 0 0 0
Dissipation 0.000413997
End step 15
Begin step 16
Stress -1.26317e-12 101.502 1.20421e-13 101.502 1.22606e-12 2.05211e-12 1.20421e-13 2.05211e-12 -1.11442e-14
Strain 0 0.000533333 0 0.000533333 0 0 0 0 0
Strain mean -7.41299e-20 0.000533333 6.02104e-19 0.000533333 3.60149e-32 1.02605e-17 6.02104e-19 1.02605e-17 -2.64063e-33
Plastic strain_mean 6.186e-18 2.58248e-05 0 2.58248e-05 -6.186e-18 0 0 0 0
Plastic strain_rate_mean 0 0 0 0 0 0 0 0 0
Dissipation 0.0013963
End step 16
Begin step 17
Stress -1.45141e-12 102.483 -4.42437e-14 102.483 1.47362e-12 -1.22273e-12 -4.42437e-14 -1.22273e-12 6.66818e-15
Strain 0 0.000566667 0 0.000566667 0 0 0 0 0
Strain mean 4.43559e-20 0.000566667 -2.21219e-19 0.000566667 -6.37964e-34 -6.11364e-18 -2.21219e-19 -6.11364e-18 3.95643e-33
Plastic strain_mean 7.33475e-18 5.42541e-05 0 5.42541e-05 -7.33475e-18 0 0 0 0
Plastic strain_rate_mean 0 0 0 0 0 0 0 0 0
Dissipation 0.00291292
End step 17
Begin step 18
Stress -1.03433e-12 102.625 7.0126e-13 102.625 1.02694e-12 -1.90936e-12 7.0126e-13 -1.90936e-12 -2.21836e-15
Strain 0 0.0006 0 0.0006 0 0 0 0 0
Strain mean -1.47563e-20 0.0006 3.5063e-18 0.0006 -4.35742e-33 -9.5468e-18 3.5063e-18 -9.5468e-18 6.31946e-34
Plastic strain_mean 5.14581e-18 8.6875e-05 0 8.6875e-05 -5.14581e-18 0 0 0 0
Plastic strain_rate_mean 0 0 0 0 0 0 0 0 0
Dissipation 0.00334682
End step 18
Begin step 19
Stress -1.03617e-12 102.661 -6.64929e-13 102.661 1.05022e-12 2.45135e-13 -6.64929e-13 2.45135e-13 4.21837e-15
Strain 0 0.000633333 0 0.000633333 0 0 0 0 0
Strain mean 2.80601e-20 0.000633333 -3.32464e-18 0.000633333 7.04168e-34 1.22567e-18 -3.32464e-18 1.22567e-18 -1.14051e-33
Plastic strain_mean 5.23002e-18 0.000120027 0 0.000120027 -5.23002e-18 0 0 0 0
Plastic strain_rate_mean 0 0 0 0 0 0 0 0 0
Dissipation 0.00340234
End step 19
Begin step 20
Stress -3.85646e-13 102.685 -1.06474e-12 102.685 3.36766e-13 -5.89323e-13 -1.06474e-12 -5.89323e-13 -1.4677e-14
Strain 0 0.000666667 0 0.000666667 0 0 0 0 0
Strain mean -9.76296e-20 0.000666667 -5.32369e-18 0.000666667 2.16667e-34 -2.94661e-18 -5.32369e-18 -2.94661e-18 -1.02541e-33
Plastic strain_mean 1.75721e-18 0.00015324 0 0.00015324 -1.75721e-18 0 0 0 0
Plastic strain_rate_mean 0 0 0 0 0 0 0 0 0
Dissipation 0.00340916
End step 20
Begin step 21
Stress -2.65744e-13 102.708 -7.45936e-13 102.708 1.54968e-13 -4.6191e-13 -7.45936e-13 -4.6191e-13 -3.32623e-14
Strain 0 0.0007 0 0.0007 0 0 0 0 0
Strain mean -2.21257e-19 0.0007 -3.72968e-18 0.0007 -4.21297e-35 -2.30955e-18 -3.72968e-18 -2.30955e-18 -3.25189e-34
Plastic strain_mean 9.41153e-19 0.000186461 0 0.000186461 -9.41153e-19 0 0 0 0
Plastic strain_rate_mean 0 0 0 0 0 0 0 0 0
Dissipation 0.0034106
End step 21
Begin step 22
Stress 2.22214e-12 102.73 -2.84968e-12 102.73 -2.32383e-12 -3.49548e-12 -2.84968e-12 -3.49548e-12 -3.0533e-14
Strain 0 0.000733333 0 0.000733333 0 0 0 0 0
Strain mean -2.03102e-19 0.000733333 -1.42484e-17 0.000733333 2.76852e-34 -1.74774e-17 -1.42484e-17 -1.74774e-17 6.77085e-34
Plastic strain_mean -1.14665e-17 0.000219684 0 0.000219684 1.14665e-17 0 0 0 0
Plastic strain_rate_mean 0 0 0 0 0 0 0 0 0
Dissipation 0.00341141
End step 22
Begin step 23
Stress 1.82444e-12 102.752 -2.14462e-12 102.752 -1.87867e-12 -2.59578e-12 -2.14462e-12 -2.59578e-12 -1.6284e-14
Strain 0 0.000766667 0 0.000766667 0 0 0 0 0
Strain mean -1.08319e-19 0.000766667 -1.07231e-17 0.000766667 1.91389e-33 -1.29789e-17 -1.07231e-17 -1.29789e-17 4.39353e-34
Plastic strain_mean -9.31193e-18 0.000252909 0 0.000252909 9.31193e-18 0 0 0 0
Plastic strain_rate_mean 0 0 0 0 0 0 0 0 0
Dissipation 0.00341211
End step 23
Begin step 24
Stress 1.47334e-12 102.773 -1.70773e-12 102.773 -1.40314e-12 -2.00319e-12 -1.70773e-12 -2.00319e-12 2.10788e-14
Strain 0 0.0008 0 0.0008 0 0 0 0 0
Strain mean 1.40214e-19 0.0008 -8.53866e-18 0.0008 1.50463e-33 -1.0016e-17 -8.53866e-18 -1.0016e-17 9.55442e-34
Plastic strain_mean -7.1211e-18 0.000286135 0 0.000286135 7.1211e-18 0 0 0 0
Plastic strain_rate_mean 0 0 0 0 0 0 0 0 0
Dissipation 0.00341279
End step 24
Begin step 25
Stress 1.10674e-12 102.794 -1.37054e-12 102.794 -1.12483e-12 -1.59858e-12 -1.37054e-12 -1.59858e-12 -5.43236e-15
Strain 0 0.000833333 0 0.000833333 0 0 0 0 0
Strain mean -3.61354e-20 0.000833333 -6.8527e-18 0.000833333 -1.60093e-33 -7.99289e-18 -6.8527e-18 -7.99289e-18 8.17016e-34
Plastic strain_mean -5.59699e-18 0.000319361 0 0.000319361 5.59699e-18 0 0 0 0
Plastic strain_rate_mean 0 0 0 0 0 0 0 0 0
Dissipation 0.00341344
End step 25
Begin step 26
Stress 8.37672e-13 102.816 -1.07166e-12 102.816 -8.77113e-13 -1.30766e-12 -1.07166e-12 -1.30766e-12 -1.18429e-14
Strain 0 0.000866667 0 0.000866667 0 0 0 0 0
Strain mean -7.87775e-20 0.000866667 -5.3583e-18 0.000866667 4.63427e-34 -6.53831e-18 -5.3583e-18 -6.53831e-18 9.65974e-34
Plastic strain_mean -4.32635e-18 0.000352588 0 0.000352588 4.32635e-18 0 0 0 0
Plastic strain_rate_mean 0 0 0 0 0 0 0 0 0
Dissipation 0.00341408
End step 26
Begin step 27
Stress 7.53142e-13 102.837 -8.73937e-13 102.837 -6.70536e-13 -1.08919e-12 -8.73937e-13 -1.08919e-12 2.48037e-14
Strain 0 0.0009 0 0.0009 0 0 0 0 0
Strain mean 1.64991e-19 0.0009 -4.36968e-18 0.0009 1.28797e-33 -5.44597e-18 -4.36968e-18 -5.44597e-18 6.83856e-34
Plastic strain_mean -3.4767e-18 0.000385815 0 0.000385815 3.4767e-18 0 0 0 0
Plastic strain_rate_mean 0 0 0 0 0 0 0 0 0
Dissipation 0.0034147
End step 27
Begin step 28
Stress 1.60632e-12 102.858 1.52958e-12 102.858 -1.52045e-12 -2.20197e-12 1.52958e-12 -2.20197e-12 2.57862e-14
Strain 0 0.000933333 0 0.000933333 0 0 0 0 0
Strain mean 1.71527e-19 0.000933333 7.64789e-18 0.000933333 1.76945e-33 -1.10099e-17 7.64789e-18 -1.10099e-17 -1.70625e-33
Plastic strain_mean -7.73117e-18 0.000419043 0 0.000419043 7.73117e-18 0 0 0 0
Plastic strain_rate_mean 0 0 0 0 0 0 0 0 0
Dissipation 0.00341532
End step 28
Begin step 29
Stress 1.32928e-12 102.879 1.24841e-12 102.879 -1.44377e-12 -1.88842e-12 1.24841e-12 -1.88842e-12 -3.43758e-14
Strain 0 0.000966667 0 0.000966667 0 0 0 0 0
Strain mean -2.28664e-19 0.000966667 6.24204e-18 0.000966667 -3.85186e-34 -9.4421e-18 6.24204e-18 -9.4421e-18 -8.57641e-34
Plastic strain_mean -7.04696e-18 0.000452271 0 0.000452271 7.04696e-18 0 0 0 0
Plastic strain_rate_mean 0 0 0 0 0 0 0 0 0
Dissipation 0.00341594
End step 29
Begin step 30
Stress 1.25785e-12 102.9 1.00851e-12 102.9 -1.26178e-12 -1.63657e-12 1.00851e-12 -1.63657e-12 -1.17905e-15
Strain 0 0.001 0 0.001 0 0 0 0 0
Strain mean -7.8429e-21 0.001 5.04257e-18 0.001 1.80556e-34 -8.18285e-18 5.04257e-18 -8.18285e-18 -2.24792e-33
Plastic strain_mean -6.303e-18 0.000485499 0 0.000485499 6.303e-18 0 0 0 0
Plastic strain_rate_mean 0 0 0 0 0 0 0 0 0
Dissipation 0.00341655
End step 30
