Begin step 0
Stress 0 0 0 0 0 0 0 0 0
Strain 0 0 0 0 0 0 0 0 0
Strain mean 0 0 0 0 0 0 0 0 0
Plastic strain_mean 0 0 0 0 0 0 0 0 0
Plastic strain_rate_mean 0 0 0 0 0 0 0 0 0
Dissipation 0
End step 0
Begin step 1
Stress -4.74684e-14 6.56126 3.42899e-12 6.56126 4.81301e-14 -7.88079e-12 3.42899e-12 -7.88079e-12 1.98692e-16
Strain 0 3.33333e-05 0 3.33333e-05 0 0 0 0 0
Strain mean 1.32167e-21 3.33333e-05 1.7145e-17 3.33333e-05 -5.29631e-34 -3.9404e-17 1.7145e-17 -3.9404e-17 -7.07554e-34
Plastic strain_mean 2.39657e-19 5.27027e-07 0 5.27027e-07 -2.39657e-19 0 0 0 0
Plastic strain_rate_mean 0 0 0 0 0 0 0 0 0
Dissipation 3.45787e-06
End step 1
Begin step 2
Stress -1.14783e-14 13.0188 3.88096e-13 13.0188 8.31147e-15 -2.62443e-12 3.88096e-13 -2.62443e-12 -9.50881e-16
Strain 0 6.66667e-05 0 6.66667e-05 0 0 0 0 0
Strain mean -6.32515e-21 6.66667e-05 1.94048e-18 6.66667e-05 2.50371e-33 -1.31221e-17 1.94048e-18 -1.31221e-17 -3.58667e-34
Plastic strain_mean 4.63117e-20 1.57273e-06 0 1.57273e-06 -4.63117e-20 0 0 0 0
Plastic strain_rate_mean 0 0 0 0 0 0 0 0 0
Dissipation 1.36132e-05
End step 2
Begin step 3
Stress -2.18633e-13 19.3742 2.81922e-12 19.3742 2.14016e-13 -6.36428e-12 2.81922e-12 -6.36428e-12 -1.38647e-15
Strain 0 0.0001 0 0.0001 0 0 0 0 0
Strain mean -9.22267e-21 0.0001 1.40961e-17 0.0001 -1.05926e-32 -3.18214e-17 1.40961e-17 -3.18214e-17 -5.4731e-33
Plastic strain_mean 1.07701e-18 3.12887e-06 0 3.12887e-06 -1.07701e-18 0 0 0 0
Plastic strain_rate_mean 0 0 0 0 0 0 0 0 0
Dissipation 3.01474e-05
End step 3
Begin step 4
Stress -4.04899e-13 25.6292 2.77211e-12 25.6292 4.10564e-13 -6.264e-12 2.77211e-12 -6.264e-12 1.70089e-15
Strain 0 0.000133333 0 0.000133333 0 0 0 0 0
Strain mean 1.13141e-20 0.000133333 1.38606e-17 0.000133333 1.50223e-32 -3.132e-17 1.38606e-17 -3.132e-17 -6.16298e-33
Plastic strain_mean 2.04431e-18 5.18737e-06 0 5.18737e-06 -2.04431e-18 0 0 0 0
Plastic strain_rate_mean 0 0 0 0 0 0 0 0 0
Dissipation 5.27538e-05
End step 4
Begin step 5
Stress -5.91256e-13 31.7853 2.72678e-12 31.7853 5.89656e-13 -6.16646e-12 2.72678e-12 -6.16646e-12 -4.80353e-16
Strain 0 0.000166667 0 0.000166667 0 0 0 0 0
Strain mean -3.19525e-21 0.000166667 1.36339e-17 0.000166667 -2.24371e-32 -3.08323e-17 1.36339e-17 -3.08323e-17 -5.74619e-33
Plastic strain_mean 2.95068e-18 7.74024e-06 0 7.74024e-06 -2.95068e-18 0 0 0 0
Plastic strain_rate_mean 0 0 0 0 0 0 0 0 0
Dissipation 8.11368e-05
End step 5
Begin step 6
Stress -7.53521e-13 37.8441 2.67085e-12 37.8441 7.62716e-13 -6.07012e-12 2.67085e-12 -6.07012e-12 2.76094e-15
Strain 0 0.0002 0 0.0002 0 0 0 0 0
Strain mean 1.83655e-20 0.0002 1.33542e-17 0.0002 -8.76298e-33 -3.03506e-17 1.33542e-17 -3.03506e-17 -4.99839e-33
Plastic strain_mean 3.79977e-18 1.07796e-05 0 1.07796e-05 -3.79977e-18 0 0 0 0
Plastic strain_rate_mean 0 0 0 0 0 0 0 0 0
Dissipation 0.000115012
End step 6
Begin step 7
Stress -6.78881e-13 43.8069 2.23774e-12 43.8069 6.69449e-13 -3.70872e-12 2.23774e-12 -3.70872e-12 -2.8319e-15
Strain 0 0.000233333 0 0.000233333 0 0 0 0 0
Strain mean -1.88375e-20 0.000233333 1.11887e-17 0.000233333 -2.88889e-33 -1.85436e-17 1.11887e-17 -1.85436e-17 -1.24508e-33
Plastic strain_mean 3.36141e-18 1.42986e-05 0 1.42986e-05 -3.36141e-18 0 0 0 0
Plastic strain_rate_mean 0 0 0 0 0 0 0 0 0
Dissipation 0.000154138
End step 7
Begin step 8
Stress -5.7459e-13 49.6736 5.69164e-13 49.6736 5.67435e-13 -1.49299e-12 5.69164e-13 -1.49299e-12 -2.14849e-15
Strain 0 0.000266667 0 0.000266667 0 0 0 0 0
Strain mean -1.42915e-20 0.000266667 2.84582e-18 0.000266667 -1.80797e-31 -7.46495e-18 2.84582e-18 -7.46495e-18 -1.02917e-33
Plastic strain_mean 2.84792e-18 1.82986e-05 0 1.82986e-05 -2.84792e-18 0 0 0 0
Plastic strain_rate_mean 0 0 0 0 0 0 0 0 0
Dissipation 0.000198668
End step 8
Begin step 9
Stress -5.43595e-13 55.4356 1.32506e-12 55.4356 5.54917e-13 -3.14898e-12 1.32506e-12 -3.14898e-12 3.39959e-15
Strain 0 0.0003 0 0.0003 0 0 0 0 0
Strain mean 2.26137e-20 0.0003 6.62528e-18 0.0003 6.03899e-32 -1.57449e-17 6.62528e-18 -1.57449e-17 -7.40279e-34
Plastic strain_mean 2.75759e-18 2.2822e-05 0 2.2822e-05 -2.75759e-18 0 0 0 0
Plastic strain_rate_mean 0 0 0 0 0 0 0 0 0
Dissipation 0.000250716
End step 9
Begin step 10
Stress -4.79573e-13 61.0738 1.07761e-12 61.0738 5.49802e-13 8.93355e-13 1.07761e-12 8.93355e-13 2.10875e-14
Strain 0 0.000333333 0 0.000333333 0 0 0 0 0
Strain mean 1.40272e-19 0.000333333 5.38804e-18 0.000333333 2.89034e-31 4.46677e-18 5.38804e-18 4.46677e-18 -5.6687e-34
Plastic strain_mean 2.64357e-18 2.79644e-05 0 2.79644e-05 -2.64357e-18 0 0 0 0
Plastic strain_rate_mean 0 0 0 0 0 0 0 0 0
Dissipation 0.000314007
End step 10
Begin step 11
Stress -3.56801e-13 66.565 2.06284e-13 66.565 3.35299e-13 -1.57776e-12 2.06284e-13 -1.57776e-12 -6.45638e-15
Strain 0 0.000366667 0 0.000366667 0 0 0 0 0
Strain mean -4.29471e-20 0.000366667 1.03142e-18 0.000366667 -1.69e-32 -7.88878e-18 1.03142e-18 -7.88878e-18 3.24098e-33
Plastic strain_mean 1.70878e-18 3.38417e-05 0 3.38417e-05 -1.70878e-18 0 0 0 0
Plastic strain_rate_mean 0 0 0 0 0 0 0 0 0
Dissipation 0.000391143
End step 11
Begin step 12
Stress -7.75691e-13 71.8805 4.09469e-13 71.8805 7.70281e-13 -2.44005e-12 4.09469e-13 -2.44005e-12 -1.62447e-15
Strain 0 0.0004 0 0.0004 0 0 0 0 0
Strain mean -1.08058e-20 0.0004 2.04734e-18 0.0004 -5.10371e-32 -1.22002e-17 2.04734e-18 -1.22002e-17 5.31135e-33
Plastic strain_mean 3.85953e-18 4.05975e-05 0 4.05975e-05 -3.85953e-18 0 0 0 0
Plastic strain_rate_mean 0 0 0 0 0 0 0 0 0
Dissipation 0.000485503
End step 12
Begin step 13
Stress -6.95951e-13 76.9842 2.48751e-12 76.9842 7.45514e-13 -5.36452e-13 2.48751e-12 -5.36452e-13 1.48822e-14
Strain 0 0.000433333 0 0.000433333 0 0 0 0 0
Strain mean 9.89948e-20 0.000433333 1.24375e-17 0.000433333 2.49047e-32 -2.68226e-18 1.24375e-17 -2.68226e-18 -6.93908e-33
Plastic strain_mean 3.65316e-18 4.84122e-05 0 4.84122e-05 -3.65316e-18 0 0 0 0
Plastic strain_rate_mean 0 0 0 0 0 0 0 0 0
Dissipation 0.000601446
End step 13
Begin step 14
Stress -4.78422e-13 81.8331 -2.37449e-12 81.8331 4.81214e-13 9.35456e-13 -2.37449e-12 9.35456e-13 8.38435e-16
Strain 0 0.000466667 0 0.000466667 0 0 0 0 0
Strain mean 5.57717e-21 0.000466667 -1.18724e-17 0.000466667 -6.06668e-33 4.67728e-18 -1.18724e-17 4.67728e-18 7.55326e-33
Plastic strain_mean 2.40188e-18 5.75009e-05 0 5.75009e-05 -2.40188e-18 0 0 0 0
Plastic strain_rate_mean 0 0 0 0 0 0 0 0 0
Dissipation 0.000743539
End step 14
Begin step 15
Stress -3.13131e-13 86.3774 -7.02276e-13 86.3774 3.94427e-13 -1.19035e-12 -7.02276e-13 -1.19035e-12 2.44107e-14
Strain 0 0.0005 0 0.0005 0 0 0 0 0
Strain mean 1.62377e-19 0.0005 -3.51138e-18 0.0005 -7.94446e-34 -5.95175e-18 -3.51138e-18 -5.95175e-18 -1.70024e-33
Plastic strain_mean 1.85008e-18 6.81129e-05 0 6.81129e-05 -1.85008e-18 0 0 0 0
Plastic strain_rate_mean 0 0 0 0 0 0 0 0 0
Dissipation 0.000916323
End step 15
Begin step 16
Stress 1.18481e-13 90.5624 -1.0731e-12 90.5624 -9.62584e-14 -3.95028e-12 -1.0731e-12 -3.95028e-12 6.67254e-15
Strain 0 0.000533333 0 0.000533333 0 0 0 0 0
Strain mean 4.4385e-20 0.000533333 -5.36549e-18 0.000533333 -1.14593e-32 -1.97514e-17 -5.36549e-18 -1.97514e-17 -3.42755e-33
Plastic strain_mean -5.14655e-19 8.05212e-05 0 8.05212e-05 5.14655e-19 0 0 0 0
Plastic strain_rate_mean 0 0 0 0 0 0 0 0 0
Dissipation 0.00112328
End step 16
Begin step 17
Stress -1.6039e-12 94.3334 1.25114e-12 94.3334 1.55032e-12 4.57368e-12 1.25114e-12 4.57368e-12 -1.60875e-14
Strain 0 0.000566667 0 0.000566667 0 0 0 0 0
Strain mean -1.07012e-19 0.000566667 6.2557e-18 0.000566667 -1.22778e-32 2.28684e-17 6.2557e-18 2.28684e-17 -3.16575e-33
Plastic strain_mean 7.83204e-18 9.49997e-05 0 9.49997e-05 -7.83204e-18 0 0 0 0
Plastic strain_rate_mean 0 0 0 0 0 0 0 0 0
Dissipation 0.00136519
End step 17
Begin step 18
Stress -6.34655e-13 97.6431 -1.40018e-12 97.6431 5.98181e-13 1.87961e-12 -1.40018e-12 1.87961e-12 -1.09521e-14
Strain 0 0.0006 0 0.0006 0 0 0 0 0
Strain mean -7.28518e-20 0.0006 -7.0009e-18 0.0006 6.25927e-34 9.39806e-18 -7.0009e-18 9.39806e-18 2.26297e-33
Plastic strain_mean 3.04566e-18 0.000111784 0 0.000111784 -3.04566e-18 0 0 0 0
Plastic strain_rate_mean 0 0 0 0 0 0 0 0 0
Dissipation 0.00163807
End step 18
Begin step 19
Stress -1.11888e-12 100.462 -2.41121e-12 100.462 1.16542e-12 -1.4378e-12 -2.41121e-12 -1.4378e-12 1.39739e-14
Strain 0 0.000633333 0 0.000633333 0 0 0 0 0
Strain mean 9.29529e-20 0.000633333 -1.20561e-17 0.000633333 1.84889e-32 -7.18898e-18 -1.20561e-17 -7.18898e-18 4.33334e-33
Plastic strain_mean 5.75722e-18 0.000131025 0 0.000131025 -5.75722e-18 0 0 0 0
Plastic strain_rate_mean 0 0 0 0 0 0 0 0 0
Dissipation 0.00193178
End step 19
Begin step 20
Stress -6.96053e-13 102.785 1.90898e-13 102.785 6.87822e-13 -3.10162e-12 1.90898e-13 -3.10162e-12 -2.47164e-15
Strain 0 0.000666667 0 0.000666667 0 0 0 0 0
Strain mean -1.6441e-20 0.000666667 9.54492e-19 0.000666667 -5.20001e-33 -1.55081e-17 9.54492e-19 -1.55081e-17 -3.24098e-33
Plastic strain_mean 3.45147e-18 0.00015274 0 0.00015274 -3.45147e-18 0 0 0 0
Plastic strain_rate_mean 0 0 0 0 0 0 0 0 0
Dissipation 0.00223053
End step 20
Begin step 21
Stress -4.28204e-14 104.639 -1.15876e-13 104.639 6.82711e-14 -7.93686e-13 -1.15876e-13 -7.93686e-13 7.64198e-15
Strain 0 0.0007 0 0.0007 0 0 0 0 0
Strain mean 5.08336e-20 0.0007 -5.7938e-19 0.0007 -7.31853e-33 -3.96843e-18 -5.7938e-19 -3.96843e-18 8.20025e-34
Plastic strain_mean 3.03145e-19 0.000176804 0 0.000176804 -3.03145e-19 0 0 0 0
Plastic strain_rate_mean 0 0 0 0 0 0 0 0 0
Dissipation 0.00251604
End step 21
Begin step 22
Stress 1.46426e-12 106.074 1.10094e-12 106.074 -1.45927e-12 2.68922e-12 1.10094e-12 2.68922e-12 1.49783e-15
Strain 0 0.000733333 0 0.000733333 0 0 0 0 0
Strain mean 9.96338e-21 0.000733333 5.5047e-18 0.000733333 7.54965e-32 1.34461e-17 5.5047e-18 1.34461e-17 1.72732e-33
Plastic strain_mean -7.30384e-18 0.000202961 0 0.000202961 7.30384e-18 0 0 0 0
Plastic strain_rate_mean 0 0 0 0 0 0 0 0 0
Dissipation 0.00277224
End step 22
Begin step 23
Stress 2.47222e-12 107.157 -1.78653e-12 107.157 -2.5044e-12 1.20816e-12 -1.78653e-12 1.20816e-12 -9.66383e-15
Strain 0 0.000766667 0 0.000766667 0 0 0 0 0
Strain mean -6.42827e-20 0.000766667 -8.93266e-18 0.000766667 -1.39052e-31 6.04079e-18 -8.93266e-18 6.04079e-18 -1.84318e-34
Plastic strain_mean -1.24737e-17 0.000230883 0 0.000230883 1.24737e-17 0 0 0 0
Plastic strain_rate_mean 0 0 0 0 0 0 0 0 0
Dissipation 0.00298916
End step 23
Begin step 24
Stress 2.15302e-12 107.956 -1.0118e-12 107.956 -2.17815e-12 -7.52508e-13 -1.0118e-12 -7.52508e-13 -7.54591e-15
Strain 0 0.0008 0 0.0008 0 0 0 0 0
Strain mean -5.01945e-20 0.0008 -5.05901e-18 0.0008 -9.38891e-32 -3.76254e-18 -5.05901e-18 -3.76254e-18 -3.25151e-33
Plastic strain_mean -1.0853e-17 0.000260218 0 0.000260218 1.0853e-17 0 0 0 0
Plastic strain_rate_mean 0 0 0 0 0 0 0 0 0
Dissipation 0.00316362
End step 24
Begin step 25
Stress -3.59391e-13 108.539 5.13791e-13 108.539 2.95255e-13 1.92985e-12 5.13791e-13 1.92985e-12 -1.92578e-14
Strain 0 0.000833333 0 0.000833333 0 0 0 0 0
Strain mean -1.28101e-19 0.000833333 2.56896e-18 0.000833333 3.90001e-33 9.64923e-18 2.56896e-18 9.64923e-18 3.54247e-33
Plastic strain_mean 1.57257e-18 0.00029064 0 0.00029064 -1.57257e-18 0 0 0 0
Plastic strain_rate_mean 0 0 0 0 0 0 0 0 0
Dissipation 0.00329813
End step 25
Begin step 26
Stress -9.18917e-13 108.959 3.89116e-13 108.959 9.0164e-13 -2.80949e-13 3.89116e-13 -2.80949e-13 -5.18781e-15
Strain 0 0.000866667 0 0.000866667 0 0 0 0 0
Strain mean -3.45087e-20 0.000866667 1.94558e-18 0.000866667 8.94354e-33 -1.40475e-18 1.94558e-18 -1.40475e-18 1.58212e-33
Plastic strain_mean 4.53414e-18 0.000321869 0 0.000321869 -4.53414e-18 0 0 0 0
Plastic strain_rate_mean 0 0 0 0 0 0 0 0 0
Dissipation 0.00339848
End step 26
Begin step 27
Stress -1.19117e-12 109.263 1.70683e-13 109.263 1.30115e-12 -1.05554e-12 1.70683e-13 -1.05554e-12 3.30221e-14
Strain 0 0.0009 0 0.0009 0 0 0 0 0
Strain mean 2.19659e-19 0.0009 8.53415e-19 0.0009 3.9963e-33 -5.27772e-18 8.53415e-19 -5.27772e-18 4.98033e-34
Plastic strain_mean 6.34062e-18 0.000353685 0 0.000353685 -6.34062e-18 0 0 0 0
Plastic strain_rate_mean 0 0 0 0 0 0 0 0 0
Dissipation 0.00347156
End step 27
Begin step 28
Stress 1.66463e-12 109.483 4.83979e-13 109.483 -1.68926e-12 -6.98738e-14 4.83979e-13 -6.98738e-14 -7.39307e-15
Strain 0 0.000933333 0 0.000933333 0 0 0 0 0
Strain mean -4.91779e-20 0.000933333 2.41989e-18 0.000933333 -1.07274e-31 -3.49369e-19 2.41989e-18 -3.49369e-19 -9.53937e-34
Plastic strain_mean -8.40931e-18 0.000385918 0 0.000385918 8.40931e-18 0 0 0 0
Plastic strain_rate_mean 0 0 0 0 0 0 0 0 0
Dissipation 0.00352386
End step 28
Begin step 29
Stress -2.12429e-13 109.644 -1.20487e-12 109.644 2.32353e-13 2.69111e-13 -1.20487e-12 2.69111e-13 5.98258e-15
Strain 0 0.000966667 0 0.000966667 0 0 0 0 0
Strain mean 3.97954e-20 0.000966667 -6.02434e-18 0.000966667 1.06119e-31 1.34555e-18 -6.02434e-18 1.34555e-18 -1.88982e-33
Plastic strain_mean 1.13185e-18 0.000418445 0 0.000418445 -1.13185e-18 0 0 0 0
Plastic strain_rate_mean 0 0 0 0 0 0 0 0 0
Dissipation 0.00356089
End step 29
Begin step 30
Stress -1.05233e-12 109.765 -1.5712e-12 109.765 1.11271e-12 1.5007e-13 -1.5712e-12 1.5007e-13 1.81312e-14
Strain 0 0.001 0 0.001 0 0 0 0 0
Strain mean 1.20606e-19 0.001 -7.85602e-18 0.001 -1.09008e-31 7.50352e-19 -7.85602e-18 7.50352e-19 -3.17478e-33
Plastic strain_mean 5.47291e-18 0.000451177 0 0.000451177 -5.47291e-18 0 0 0 0
Plastic strain_rate_mean 0 0 0 0 0 0 0 0 0
Dissipation 0.00358693
End step 30
