Begin step 0
Stress 0 0 0 0 0 0 0 0 0
Strain 0 0 0 0 0 0 0 0 0
Strain mean 0 0 0 0 0 0 0 0 0
Plastic strain_mean 0 0 0 0 0 0 0 0 0
Plastic strain_rate_mean 0 0 0 0 0 0 0 0 0
Dissipation 0
End step 0
Begin step 1
Stress -1.14262e-15 6.66667 1.96321e-14 6.66667 -4.78953e-16 -6.54845e-15 1.96321e-14 -6.54845e-15 -4.86904e-16
Strain 0 3.33333e-05 0 3.33333e-05 0 0 0 0 0
Strain mean -3.23883e-21 3.33333e-05 9.81607e-20 3.33333e-05 1.88079e-36 -3.27422e-20 9.81607e-20 -3.27422e-20 9.48624e-36
Plastic strain_mean 3.97542e-23 7.22829e-13 0 7.22829e-13 -3.97542e-23 0 0 0 0
Plastic strain_rate_mean 0 0 0 0 0 0 0 0 0
Dissipation 4.81885e-12
End step 1
Begin step 2
Stress -9.27805e-15 13.3333 -5.36141e-13 13.3333 -1.33852e-15 -1.80337e-13 -5.36141e-13 -1.80337e-13 -3.1878e-15
Strain 0 6.66667e-05 0 6.66667e-05 0 0 0 0 0
Strain mean -2.12049e-20 6.66667e-05 -2.68071e-18 6.66667e-05 4.11893e-35 -9.01683e-19 -2.68071e-18 -9.01683e-19 1.40871e-34
Plastic strain_mean 9.24637e-21 5.57373e-11 0 5.57373e-11 -9.24637e-21 0 0 0 0
Plastic strain_rate_mean 0 0 0 0 0 0 0 0 0
Dissipation 7.33525e-10
End step 2
Begin step 3
Stress 6.84354e-15 19.9999 -3.78304e-12 19.9999 5.67093e-15 -2.86272e-13 -3.78304e-12 -2.86272e-13 3.75767e-15
Strain 0 0.0001 0 0.0001 0 0 0 0 0
Strain mean 2.49956e-20 0.0001 -1.89152e-17 0.0001 7.22224e-35 -1.43136e-18 -1.89152e-17 -1.43136e-18 1.09086e-34
Plastic strain_mean 9.56629e-21 7.49209e-10 0 7.49209e-10 -9.56629e-21 0 0 0 0
Plastic strain_rate_mean 0 0 0 0 0 0 0 0 0
Dissipation 1.38693e-08
End step 3
Begin step 4
Stress 1.89849e-14 26.6657 4.81567e-12 26.6657 -2.4206e-14 6.17672e-13 4.81567e-12 6.17672e-13 -1.5677e-15
Strain 0 0.000133333 0 0.000133333 0 0 0 0 0
Strain mean -1.04281e-20 0.000133333 2.40784e-17 0.000133333 3.49075e-34 3.08836e-18 2.40784e-17 3.08836e-18 -1.25185e-33
Plastic strain_mean -1.13191e-19 4.93537e-09 0 4.93537e-09 1.13191e-19 0 0 0 0
Plastic strain_rate_mean 0 0 0 0 0 0 0 0 0
Dissipation 1.11627e-07
End step 4
Begin step 5
Stress -1.99714e-14 33.329 -3.85995e-12 33.329 2.12221e-14 2.78396e-12 -3.85995e-12 2.78396e-12 3.75549e-16
Strain 0 0.000166667 0 0.000166667 0 0 0 0 0
Strain mean 2.49811e-21 0.000166667 -1.92997e-17 0.000166667 2.16667e-34 1.39198e-17 -1.92997e-17 1.39198e-17 -2.82269e-33
Plastic strain_mean 1.04233e-19 2.18105e-08 0 2.18105e-08 -1.04233e-19 0 0 0 0
Plastic strain_rate_mean 0 0 0 0 0 0 0 0 0
Dissipation 5.62431e-07
End step 5
Begin step 6
Stress -7.73977e-14 39.9851 -2.05931e-12 39.9851 7.15877e-14 1.63671e-12 -2.05931e-12 1.63671e-12 -1.74456e-15
Strain 0 0.0002 0 0.0002 0 0 0 0 0
Strain mean -1.16046e-20 0.0002 -1.02965e-17 0.0002 -2.67373e-33 8.18354e-18 -1.02965e-17 8.18354e-18 -2.51424e-33
Plastic strain_mean 3.66661e-19 7.44695e-08 0 7.44695e-08 -3.66661e-19 0 0 0 0
Plastic strain_rate_mean 0 0 0 0 0 0 0 0 0
Dissipation 2.10558e-06
End step 6
Begin step 7
Stress -1.12589e-13 46.6243 -1.02137e-12 46.6243 1.23642e-13 8.45275e-13 -1.02137e-12 8.45275e-13 3.3188e-15
Strain 0 0.000233333 0 0.000233333 0 0 0 0 0
Strain mean 2.20763e-20 0.000233333 -5.10684e-18 0.000233333 -2.41945e-32 4.22637e-18 -5.10684e-18 4.22637e-18 -1.38953e-33
Plastic strain_mean 6.01617e-19 2.1201e-07 0 2.1201e-07 -6.01617e-19 0 0 0 0
Plastic strain_rate_mean 0 0 0 0 0 0 0 0 0
Dissipation 6.41269e-06
End step 7
Begin step 8
Stress -1.35558e-13 53.228 -4.93164e-13 53.228 1.50334e-13 3.9034e-13 -4.93164e-13 3.9034e-13 4.43672e-15
Strain 0 0.000266667 0 0.000266667 0 0 0 0 0
Strain mean 2.95125e-20 0.000266667 -2.46582e-18 0.000266667 -2.26974e-33 1.9517e-18 -2.46582e-18 1.9517e-18 -1.1462e-33
Plastic strain_mean 7.29486e-19 5.26762e-07 0 5.26762e-07 -7.29486e-19 0 0 0 0
Plastic strain_rate_mean 0 0 0 0 0 0 0 0 0
Dissipation 1.67536e-05
End step 8
Begin step 9
Stress 1.66219e-14 59.7648 -5.38963e-12 59.7648 -2.91218e-14 4.12628e-12 -5.38963e-12 4.12628e-12 -3.75331e-15
Strain 0 0.0003 0 0.0003 0 0 0 0 0
Strain mean -2.49666e-20 0.0003 -2.69481e-17 0.0003 -6.53612e-33 2.06314e-17 -2.69481e-17 2.06314e-17 -3.88195e-34
Plastic strain_mean -1.26842e-19 1.17593e-06 0 1.17593e-06 1.26842e-19 0 0 0 0
Plastic strain_rate_mean 0 0 0 0 0 0 0 0 0
Dissipation 3.87973e-05
End step 9
Begin step 10
Stress 1.62448e-13 66.1858 -3.96507e-12 66.1858 -1.48464e-13 2.70033e-12 -3.96507e-12 2.70033e-12 4.19872e-15
Strain 0 0.000333333 0 0.000333333 0 0 0 0 0
Strain mean 2.79294e-20 0.000333333 -1.98253e-17 0.000333333 -1.54676e-32 1.35016e-17 -1.98253e-17 1.35016e-17 1.83565e-34
Plastic strain_mean -7.63315e-19 2.40428e-06 0 2.40428e-06 7.63315e-19 0 0 0 0
Plastic strain_rate_mean 0 0 0 0 0 0 0 0 0
Dissipation 8.12977e-05
End step 10
Begin step 11
Stress 2.4309e-13 72.4213 -2.29611e-12 72.4213 -1.99758e-13 1.35724e-12 -2.29611e-12 1.35724e-12 1.3011e-14
Strain 0 0.000366667 0 0.000366667 0 0 0 0 0
Strain mean 8.65478e-20 0.000366667 -1.14806e-17 0.000366667 5.84399e-33 6.78622e-18 -1.14806e-17 6.78622e-18 -3.58197e-34
Plastic strain_mean -1.06385e-18 4.56025e-06 0 4.56025e-06 1.06385e-18 0 0 0 0
Plastic strain_rate_mean 0 0 0 0 0 0 0 0 0
Dissipation 0.000156135
End step 11
Begin step 12
Stress -4.45882e-13 78.3812 -3.80076e-12 78.3812 4.08447e-13 2.29971e-12 -3.80076e-12 2.29971e-12 -1.12403e-14
Strain 0 0.0004 0 0.0004 0 0 0 0 0
Strain mean -7.4769e-20 0.0004 -1.90038e-17 0.0004 -1.6563e-32 1.14985e-17 -1.90038e-17 1.14985e-17 -4.14075e-33
Plastic strain_mean 2.09844e-18 8.09382e-06 0 8.09382e-06 -2.09844e-18 0 0 0 0
Plastic strain_rate_mean 0 0 0 0 0 0 0 0 0
Dissipation 0.000276954
End step 12
Begin step 13
Stress -1.18798e-12 83.962 4.12154e-12 83.962 1.2173e-12 3.01255e-12 4.12154e-12 3.01255e-12 8.80356e-15
Strain 0 0.000433333 0 0.000433333 0 0 0 0 0
Strain mean 5.85603e-20 0.000433333 2.06077e-17 0.000433333 -7.89631e-33 1.50627e-17 2.06077e-17 1.50627e-17 -4.65834e-33
Plastic strain_mean 6.04246e-18 1.35234e-05 0 1.35234e-05 -6.04246e-18 0 0 0 0
Plastic strain_rate_mean 0 0 0 0 0 0 0 0 0
Dissipation 0.000455849
End step 13
Begin step 14
Stress 3.05483e-13 89.0597 5.21413e-13 89.0597 -3.23865e-13 6.35499e-12 5.21413e-13 6.35499e-12 -5.5197e-15
Strain 0 0.000466667 0 0.000466667 0 0 0 0 0
Strain mean -3.67164e-20 0.000466667 2.60706e-18 0.000466667 4.04445e-33 3.17749e-17 2.60706e-18 3.17749e-17 3.55695e-33
Plastic strain_mean -1.59173e-18 2.13679e-05 0 2.13679e-05 1.59173e-18 0 0 0 0
Plastic strain_rate_mean 0 0 0 0 0 0 0 0 0
Dissipation 0.000698564
End step 14
Begin step 15
Stress 1.24076e-12 93.5886 -1.5068e-12 93.5886 -1.26555e-12 4.98426e-12 -1.5068e-12 4.98426e-12 -7.44111e-15
Strain 0 0.0005 0 0.0005 0 0 0 0 0
Strain mean -4.94974e-20 0.0005 -7.53401e-18 0.0005 -1.08815e-32 2.49213e-17 -7.53401e-18 2.49213e-17 2.65417e-33
Plastic strain_mean -6.29053e-18 3.20571e-05 0 3.20571e-05 6.29053e-18 0 0 0 0
Plastic strain_rate_mean 0 0 0 0 0 0 0 0 0
Dissipation 0.00100025
End step 15
Begin step 16
Stress 9.12017e-13 97.4966 -2.46021e-12 97.4966 -9.00964e-13 2.34554e-12 -2.46021e-12 2.34554e-12 3.3188e-15
Strain 0 0.000533333 0 0.000533333 0 0 0 0 0
Strain mean 2.20763e-20 0.000533333 -1.2301e-17 0.000533333 -2.31112e-33 1.17277e-17 -1.2301e-17 1.17277e-17 3.81575e-33
Plastic strain_mean -4.52141e-18 4.58502e-05 0 4.58502e-05 4.52141e-18 0 0 0 0
Plastic strain_rate_mean 0 0 0 0 0 0 0 0 0
Dissipation 0.00134452
End step 16
Begin step 17
Stress -5.04213e-14 100.774 -1.6981e-12 100.774 2.66286e-14 4.01109e-12 -1.6981e-12 4.01109e-12 -7.14416e-15
Strain 0 0.000566667 0 0.000566667 0 0 0 0 0
Strain mean -4.75222e-20 0.000566667 -8.49049e-18 0.000566667 2.07037e-33 2.00554e-17 -8.49049e-18 2.00554e-17 3.2139e-33
Plastic strain_mean 1.68864e-19 6.27944e-05 0 6.27944e-05 -1.68864e-19 0 0 0 0
Plastic strain_rate_mean 0 0 0 0 0 0 0 0 0
Dissipation 0.00170712
End step 17
Begin step 18
Stress 1.02257e-12 103.453 -9.53775e-13 103.453 -9.7785e-13 6.3592e-12 -9.53775e-13 6.3592e-12 1.34281e-14
Strain 0 0.0006 0 0.0006 0 0 0 0 0
Strain mean 8.93219e-20 0.0006 -4.76888e-18 0.0006 6.83705e-31 3.1796e-17 -4.76888e-18 3.1796e-17 3.39445e-33
Plastic strain_mean -4.95639e-18 8.27361e-05 0 8.27361e-05 4.95639e-18 0 0 0 0
Plastic strain_rate_mean 0 0 0 0 0 0 0 0 0
Dissipation 0.00206237
End step 18
Begin step 19
Stress -1.47349e-12 105.592 -3.69778e-12 105.592 1.53724e-12 1.10822e-12 -3.69778e-12 1.10822e-12 1.91443e-14
Strain 0 0.000633333 0 0.000633333 0 0 0 0 0
Strain mean 1.27345e-19 0.000633333 -1.84889e-17 0.000633333 -8.17806e-32 5.5411e-18 -1.84889e-17 5.5411e-18 -2.64815e-34
Plastic strain_mean 7.5905e-18 0.000105372 0 0.000105372 -7.5905e-18 0 0 0 0
Plastic strain_rate_mean 0 0 0 0 0 0 0 0 0
Dissipation 0.00238929
End step 19
Begin step 20
Stress -4.73497e-12 107.269 -1.90118e-13 107.269 4.72558e-12 4.80723e-13 -1.90118e-13 4.80723e-13 -2.82098e-15
Strain 0 0.000666667 0 0.000666667 0 0 0 0 0
Strain mean -1.87649e-20 0.000666667 -9.50589e-19 0.000666667 6.11483e-33 2.40361e-18 -9.50589e-19 2.40361e-18 3.97223e-33
Plastic strain_mean 2.3642e-17 0.000130319 0 0.000130319 -2.3642e-17 0 0 0 0
Plastic strain_rate_mean 0 0 0 0 0 0 0 0 0
Dissipation 0.00267479
End step 20
Begin step 21
Stress -3.35255e-12 108.565 -1.15897e-12 108.565 3.43472e-12 3.44439e-12 -1.15897e-12 3.44439e-12 2.46727e-14
Strain 0 0.0007 0 0.0007 0 0 0 0 0
Strain mean 1.6412e-19 0.0007 -5.79485e-18 0.0007 -2.75649e-32 1.72219e-17 -5.79485e-18 1.72219e-17 4.76969e-33
Plastic strain_mean 1.70502e-17 0.000157173 0 0.000157173 -1.70502e-17 0 0 0 0
Plastic strain_rate_mean 0 0 0 0 0 0 0 0 0
Dissipation 0.00291379
End step 21
Begin step 22
Stress -5.6301e-13 109.556 -1.88693e-13 109.556 4.86629e-13 1.75434e-12 -1.88693e-13 1.75434e-12 -2.29347e-14
Strain 0 0.000733333 0 0.000733333 0 0 0 0 0
Strain mean -1.52559e-19 0.000733333 -9.43467e-19 0.000733333 -2.74926e-32 8.7717e-18 -9.43467e-19 8.7717e-18 -2.10047e-33
Plastic strain_mean 2.54782e-18 0.000185554 0 0.000185554 -2.54782e-18 0 0 0 0
Plastic strain_rate_mean 0 0 0 0 0 0 0 0 0
Dissipation 0.00310729
End step 22
Begin step 23
Stress 8.41802e-13 110.307 -8.05196e-14 110.307 -8.11086e-13 -4.53377e-14 -8.05196e-14 -4.53377e-14 9.22278e-15
Strain 0 0.000766667 0 0.000766667 0 0 0 0 0
Strain mean 6.13489e-20 0.000766667 -4.02598e-19 0.000766667 -7.46298e-33 -2.26689e-19 -4.02598e-19 -2.26689e-19 -1.90186e-33
Plastic strain_mean -4.10155e-18 0.000215129 0 0.000215129 4.10155e-18 0 0 0 0
Plastic strain_rate_mean 0 0 0 0 0 0 0 0 0
Dissipation 0.00325997
End step 23
Begin step 24
Stress 1.2785e-12 110.876 -8.41834e-14 110.876 -1.21108e-12 -2.06768e-14 -8.41834e-14 -2.06768e-14 2.02447e-14
Strain 0 0.0008 0 0.0008 0 0 0 0 0
Strain mean 1.34665e-19 0.0008 -4.20917e-19 0.0008 1.25185e-32 -1.03384e-19 -4.20917e-19 -1.03384e-19 -1.0382e-33
Plastic strain_mean -6.15662e-18 0.000245622 0 0.000245622 6.15662e-18 0 0 0 0
Plastic strain_rate_mean 0 0 0 0 0 0 0 0 0
Dissipation 0.00337811
End step 24
Begin step 25
Stress 8.06912e-13 111.305 8.43752e-13 111.305 -7.85912e-13 -3.51425e-12 8.43752e-13 -3.51425e-12 6.30573e-15
Strain 0 0.000833333 0 0.000833333 0 0 0 0 0
Strain mean 4.1945e-20 0.000833333 4.21876e-18 0.000833333 2.55186e-33 -1.75713e-17 4.21876e-18 -1.75713e-17 -4.56807e-33
Plastic strain_mean -3.96109e-18 0.00027681 0 0.00027681 3.96109e-18 0 0 0 0
Plastic strain_rate_mean 0 0 0 0 0 0 0 0 0
Dissipation 0.00346822
End step 25
Begin step 26
Stress 7.20449e-14 111.629 3.42957e-13 111.629 -2.2821e-13 3.40891e-13 3.42957e-13 3.40891e-13 -4.68912e-14
Strain 0 0.000866667 0 0.000866667 0 0 0 0 0
Strain mean -3.11915e-19 0.000866667 1.71478e-18 0.000866667 2.77454e-33 1.70446e-18 1.71478e-18 1.70446e-18 -3.58404e-33
Plastic strain_mean -9.06595e-19 0.00030852 0 0.00030852 9.06595e-19 0 0 0 0
Plastic strain_rate_mean 0 0 0 0 0 0 0 0 0
Dissipation 0.00353623
End step 26
Begin step 27
Stress 2.39884e-13 111.876 2.11583e-13 111.876 -2.6788e-13 8.41058e-13 2.11583e-13 8.41058e-13 -8.40618e-15
Strain 0 0.0009 0 0.0009 0 0 0 0 0
Strain mean -5.5917e-20 0.0009 1.05792e-18 0.0009 3.20186e-33 4.20529e-18 1.05792e-18 4.20529e-18 -2.86247e-33
Plastic strain_mean -1.29737e-18 0.000340619 0 0.000340619 1.29737e-18 0 0 0 0
Plastic strain_rate_mean 0 0 0 0 0 0 0 0 0
Dissipation 0.00358718
End step 27
Begin step 28
Stress -1.33015e-13 112.065 -2.67777e-12 112.065 1.18239e-13 -6.66475e-13 -2.67777e-12 -6.66475e-13 -4.43672e-15
Strain 0 0.000933333 0 0.000933333 0 0 0 0 0
Strain mean -2.95125e-20 0.000933333 -1.33888e-17 0.000933333 -1.20912e-32 -3.33238e-18 -1.33888e-17 -3.33238e-18 -6.47744e-33
Plastic strain_mean 6.13377e-19 0.000373006 0 0.000373006 -6.13377e-19 0 0 0 0
Plastic strain_rate_mean 0 0 0 0 0 0 0 0 0
Dissipation 0.00362519
End step 28
Begin step 29
Stress -1.35501e-12 112.212 4.83991e-13 112.212 1.37473e-12 -4.9274e-13 4.83991e-13 -4.9274e-13 5.92145e-15
Strain 0 0.000966667 0 0.000966667 0 0 0 0 0
Strain mean 3.93888e-20 0.000966667 2.41996e-18 0.000966667 1.05565e-32 -2.4637e-18 2.41996e-18 -2.4637e-18 1.55278e-33
Plastic strain_mean 6.84406e-18 0.000405606 0 0.000405606 -6.84406e-18 0 0 0 0
Plastic strain_rate_mean 0 0 0 0 0 0 0 0 0
Dissipation 0.00365345
End step 29
Begin step 30
Stress 1.69501e-12 112.327 -4.46684e-13 112.327 -1.68604e-12 -6.13558e-13 -4.46684e-13 -6.13558e-13 2.69434e-15
Strain 0 0.001 0 0.001 0 0 0 0 0
Strain mean 1.79225e-20 0.001 -2.23342e-18 0.001 -6.00312e-31 -3.06779e-18 -2.23342e-18 -3.06779e-18 1.56482e-33
Plastic strain_mean -8.44367e-18 0.000438363 0 0.000438363 8.44367e-18 0 0 0 0
Plastic strain_rate_mean 0 0 0 0 0 0 0 0 0
Dissipation 0.00367446
End step 30
