Begin step 0
Stress 0 0 0 0 0 0 0 0 0
Strain 0 0 0 0 0 0 0 0 0
Strain mean 0 0 0 0 0 0 0 0 0
Plastic strain_mean 0 0 0 0 0 0 0 0 0
Plastic strain_rate_mean 0 0 0 0 0 0 0 0 0
Dissipation 0
End step 0
Begin step 1
Stress 3.20522e-15 6.65382 3.49976e-12 6.65382 -1.88451e-15 -1.60789e-12 3.49976e-12 -1.60789e-12 3.96564e-16
Strain 0 3.33333e-05 0 3.33333e-05 0 0 0 0 0
Strain mean 2.6379e-21 3.33333e-05 1.74988e-17 3.33333e-05 -7.81055e-33 -8.03945e-18 1.74988e-17 -8.03945e-18 4.30852e-33
Plastic strain_mean -1.14054e-20 6.4235e-08 0 6.4235e-08 1.14054e-20 0 0 0 0
Plastic strain_rate_mean 0 0 0 0 0 0 0 0 0
Dissipation 4.27407e-07
End step 1
Begin step 2
Stress 5.27225e-14 13.2947 4.59563e-12 13.2947 -5.29188e-14 -4.45172e-12 4.59563e-12 -4.45172e-12 -5.89524e-17
Strain 0 6.66667e-05 0 6.66667e-05 0 0 0 0 0
Strain mean -3.92145e-22 6.66667e-05 2.29781e-17 6.66667e-05 -9.17224e-33 -2.22586e-17 2.29781e-17 -2.22586e-17 2.63612e-33
Plastic strain_mean -2.64299e-19 1.93172e-07 0 1.93172e-07 2.64299e-19 0 0 0 0
Plastic strain_rate_mean 0 0 0 0 0 0 0 0 0
Dissipation 1.71417e-06
End step 2
Begin step 3
Stress 3.44764e-14 19.9224 9.57657e-13 19.9224 -2.27509e-14 -1.35327e-12 9.57657e-13 -1.35327e-12 3.52077e-15
Strain 0 0.0001 0 0.0001 0 0 0 0 0
Strain mean 2.34198e-20 0.0001 4.78828e-18 0.0001 -5.15969e-32 -6.76635e-18 4.78828e-18 -6.76635e-18 -1.80142e-33
Plastic strain_mean -1.31358e-19 3.87896e-07 0 3.87896e-07 1.31358e-19 0 0 0 0
Plastic strain_rate_mean 0 0 0 0 0 0 0 0 0
Dissipation 3.87934e-06
End step 3
Begin step 4
Stress 4.92456e-14 26.5366 -4.38733e-12 26.5366 -5.3325e-14 -7.20955e-13 -4.38733e-12 -7.20955e-13 -1.2249e-15
Strain 0 0.000133333 0 0.000133333 0 0 0 0 0
Strain mean -8.1479e-21 0.000133333 -2.19366e-17 0.000133333 -1.4294e-33 -3.60477e-18 -2.19366e-17 -3.60477e-18 -9.67479e-34
Plastic strain_mean -2.605e-19 6.50169e-07 0 6.50169e-07 2.605e-19 0 0 0 0
Plastic strain_rate_mean 0 0 0 0 0 0 0 0 0
Dissipation 6.95978e-06
End step 4
Begin step 5
Stress 5.37242e-14 33.1368 8.43416e-13 33.1368 -3.71013e-14 -3.07265e-12 8.43416e-13 -3.07265e-12 4.99131e-15
Strain 0 0.000166667 0 0.000166667 0 0 0 0 0
Strain mean 3.32016e-20 0.000166667 4.21708e-18 0.000166667 -5.2602e-33 -1.53632e-17 4.21708e-18 -1.53632e-17 5.10296e-33
Plastic strain_mean -2.10463e-19 9.82539e-07 0 9.82539e-07 2.10463e-19 0 0 0 0
Plastic strain_rate_mean 0 0 0 0 0 0 0 0 0
Dissipation 1.10135e-05
End step 5
Begin step 6
Stress 3.35945e-14 39.7223 3.36208e-12 39.7223 -3.25256e-14 -1.85811e-12 3.36208e-12 -1.85811e-12 3.20963e-16
Strain 0 0.0002 0 0.0002 0 0 0 0 0
Strain mean 2.13501e-21 0.0002 1.68104e-17 0.0002 1.03158e-32 -9.29054e-18 1.68104e-17 -9.29054e-18 1.67014e-33
Plastic strain_mean -1.64233e-19 1.3885e-06 0 1.3885e-06 1.64233e-19 0 0 0 0
Plastic strain_rate_mean 0 0 0 0 0 0 0 0 0
Dissipation 1.61257e-05
End step 6
Begin step 7
Stress 1.35316e-14 46.2921 7.00825e-12 46.2921 -1.24554e-14 -3.7227e-12 7.00825e-12 -3.7227e-12 3.23147e-16
Strain 0 0.000233333 0 0.000233333 0 0 0 0 0
Strain mean 2.14953e-21 0.000233333 3.50413e-17 0.000233333 1.01111e-33 -1.86135e-17 3.50413e-17 -1.86135e-17 2.75649e-33
Plastic strain_mean -6.38929e-20 1.87279e-06 0 1.87279e-06 6.38929e-20 0 0 0 0
Plastic strain_rate_mean 0 0 0 0 0 0 0 0 0
Dissipation 2.24181e-05
End step 7
Begin step 8
Stress 5.29937e-14 52.845 1.29052e-12 52.845 -2.94263e-14 3.7867e-13 1.29052e-12 3.7867e-13 7.07648e-15
Strain 0 0.000266667 0 0.000266667 0 0 0 0 0
Strain mean 4.70719e-20 0.000266667 6.45258e-18 0.000266667 6.12446e-32 1.89335e-18 6.45258e-18 1.89335e-18 -2.89642e-33
Plastic strain_mean -1.82514e-19 2.44174e-06 0 2.44174e-06 1.82514e-19 0 0 0 0
Plastic strain_rate_mean 0 0 0 0 0 0 0 0 0
Dissipation 3.00657e-05
End step 8
Begin step 9
Stress 4.64396e-14 59.3792 -3.56778e-12 59.3792 -2.58463e-14 1.74549e-12 -3.56778e-12 1.74549e-12 6.18346e-15
Strain 0 0.0003 0 0.0003 0 0 0 0 0
Strain mean 4.11316e-20 0.0003 -1.78389e-17 0.0003 4.33334e-33 8.72743e-18 -1.78389e-17 8.72743e-18 -4.79978e-34
Plastic strain_mean -1.60149e-19 3.10402e-06 0 3.10402e-06 1.60149e-19 0 0 0 0
Plastic strain_rate_mean 0 0 0 0 0 0 0 0 0
Dissipation 3.93251e-05
End step 9
Begin step 10
Stress 1.17034e-14 65.8923 -1.25085e-12 65.8923 -6.06065e-15 7.35507e-13 -1.25085e-12 7.35507e-13 1.69434e-15
Strain 0 0.000333333 0 0.000333333 0 0 0 0 0
Strain mean 1.12705e-20 0.000333333 -6.25425e-18 0.000333333 7.73983e-33 3.67753e-18 -6.25425e-18 3.67753e-18 -1.43297e-33
Plastic strain_mean -3.87749e-20 3.87178e-06 0 3.87178e-06 3.87749e-20 0 0 0 0
Plastic strain_rate_mean 0 0 0 0 0 0 0 0 0
Dissipation 5.05879e-05
End step 10
Begin step 11
Stress 4.86892e-14 72.3808 7.24833e-12 72.3808 -1.66941e-14 -3.24442e-12 7.24833e-12 -3.24442e-12 9.60706e-15
Strain 0 0.000366667 0 0.000366667 0 0 0 0 0
Strain mean 6.39051e-20 0.000366667 3.62417e-17 0.000366667 -1.42398e-32 -1.62221e-17 3.62417e-17 -1.62221e-17 7.28543e-33
Plastic strain_mean -1.31506e-19 4.76279e-06 0 4.76279e-06 1.31506e-19 0 0 0 0
Plastic strain_rate_mean 0 0 0 0 0 0 0 0 0
Dissipation 6.44909e-05
End step 11
Begin step 12
Stress 4.566e-14 78.839 2.14242e-12 78.839 -4.05553e-14 -3.16507e-12 2.14242e-12 -3.16507e-12 1.53276e-15
Strain 0 0.0004 0 0.0004 0 0 0 0 0
Strain mean 1.01958e-20 0.0004 1.07121e-17 0.0004 5.16871e-32 -1.58253e-17 1.07121e-17 -1.58253e-17 -1.08334e-33
Plastic strain_mean -2.1044e-19 5.80509e-06 0 5.80509e-06 2.1044e-19 0 0 0 0
Plastic strain_rate_mean 0 0 0 0 0 0 0 0 0
Dissipation 8.21714e-05
End step 12
Begin step 13
Stress 2.51356e-14 85.257 -2.11745e-12 85.257 -4.3388e-15 1.06228e-12 -2.11745e-12 1.06228e-12 6.24459e-15
Strain 0 0.000433333 0 0.000433333 0 0 0 0 0
Strain mean 4.15383e-20 0.000433333 -1.05872e-17 0.000433333 8.83424e-31 5.31141e-18 -1.05872e-17 5.31141e-18 -2.40741e-34
Plastic strain_mean -5.29169e-20 7.04839e-06 0 7.04839e-06 5.29169e-20 0 0 0 0
Plastic strain_rate_mean 0 0 0 0 0 0 0 0 0
Dissipation 0.000105996
End step 13
Begin step 14
Stress -4.24292e-14 91.6126 4.26839e-12 91.6126 6.58009e-15 -2.50969e-12 4.26839e-12 -2.50969e-12 -1.07643e-14
Strain 0 0.000466667 0 0.000466667 0 0 0 0 0
Strain mean -7.16028e-20 0.000466667 2.1342e-17 0.000466667 2.91778e-32 -1.25485e-17 2.1342e-17 -1.25485e-17 2.42848e-33
Plastic strain_mean 8.67218e-20 8.60381e-06 0 8.60381e-06 -8.67218e-20 0 0 0 0
Plastic strain_rate_mean 0 0 0 0 0 0 0 0 0
Dissipation 0.000142489
End step 14
Begin step 15
Stress -7.68926e-13 97.8045 -5.50091e-13 97.8045 7.44828e-13 -9.74594e-13 -5.50091e-13 -9.74594e-13 -7.23587e-15
Strain 0 0.0005 0 0.0005 0 0 0 0 0
Strain mean -4.81322e-20 0.0005 -2.75046e-18 0.0005 -2.28223e-32 -4.87297e-18 -2.75046e-18 -4.87297e-18 -5.80186e-33
Plastic strain_mean 3.76032e-18 1.09774e-05 0 1.09774e-05 -3.76032e-18 0 0 0 0
Plastic strain_rate_mean 0 0 0 0 0 0 0 0 0
Dissipation 0.000232126
End step 15
Begin step 16
Stress -3.41092e-12 100.017 -2.26396e-12 100.017 3.40955e-12 -8.91099e-13 -2.26396e-12 -8.91099e-13 -4.10484e-16
Strain 0 0.000533333 0 0.000533333 0 0 0 0 0
Strain mean -2.73049e-21 0.000533333 -1.13198e-17 0.000533333 -1.61297e-33 -4.45549e-18 -1.13198e-17 -4.45549e-18 -2.57292e-34
Plastic strain_mean 1.70498e-17 3.32504e-05 0 3.32504e-05 -1.70498e-17 0 0 0 0
Plastic strain_rate_mean 0 0 0 0 0 0 0 0 0
Dissipation 0.00222752
End step 16
Begin step 17
Stress -2.26068e-12 100.037 5.5216e-12 100.037 2.28165e-12 4.07609e-13 5.5216e-12 4.07609e-13 6.29699e-15
Strain 0 0.000566667 0 0.000566667 0 0 0 0 0
Strain mean 4.18869e-20 0.000566667 2.7608e-17 0.000566667 1.34815e-33 2.03804e-18 2.7608e-17 2.03804e-18 -8.53428e-33
Plastic strain_mean 1.13768e-17 6.64825e-05 0 6.64825e-05 -1.13768e-17 0 0 0 0
Plastic strain_rate_mean 0 0 0 0 0 0 0 0 0
Dissipation 0.00332419
End step 17
Begin step 18
Stress -9.6222e-13 100.057 3.05448e-12 100.057 9.46164e-13 -1.60282e-14 3.05448e-12 -1.60282e-14 -4.821e-15
Strain 0 0.0006 0 0.0006 0 0 0 0 0
Strain mean -3.20687e-20 0.0006 1.52724e-17 0.0006 1.19167e-33 -8.01411e-20 1.52724e-17 -8.01411e-20 -3.49677e-33
Plastic strain_mean 4.75492e-18 9.97143e-05 0 9.97143e-05 -4.75492e-18 0 0 0 0
Plastic strain_rate_mean 0 0 0 0 0 0 0 0 0
Dissipation 0.00332473
End step 18
Begin step 19
Stress -5.64746e-13 100.078 -2.53984e-12 100.078 5.66782e-13 4.27049e-13 -2.53984e-12 4.27049e-13 6.11359e-16
Strain 0 0.000633333 0 0.000633333 0 0 0 0 0
Strain mean 4.06669e-21 0.000633333 -1.26992e-17 0.000633333 -7.23427e-32 2.13524e-18 -1.26992e-17 2.13524e-18 5.20603e-34
Plastic strain_mean 2.83085e-18 0.000132946 0 0.000132946 -2.83085e-18 0 0 0 0
Plastic strain_rate_mean 0 0 0 0 0 0 0 0 0
Dissipation 0.00332528
End step 19
Begin step 20
Stress 2.07452e-12 100.098 4.25638e-12 100.098 -2.05482e-12 -3.50012e-12 4.25638e-12 -3.50012e-12 5.91271e-15
Strain 0 0.000666667 0 0.000666667 0 0 0 0 0
Strain mean 3.93307e-20 0.000666667 2.12819e-17 0.000666667 -1.37223e-32 -1.75006e-17 2.12819e-17 -1.75006e-17 1.46852e-33
Plastic strain_mean -1.03037e-17 0.000166177 0 0.000166177 1.03037e-17 0 0 0 0
Plastic strain_rate_mean 0 0 0 0 0 0 0 0 0
Dissipation 0.00332584
End step 20
Begin step 21
Stress 4.38673e-13 100.118 -1.03785e-12 100.118 -4.18777e-13 9.82838e-13 -1.03785e-12 9.82838e-13 5.97385e-15
Strain 0 0.0007 0 0.0007 0 0 0 0 0
Strain mean 3.97373e-20 0.0007 -5.18924e-18 0.0007 -8.6065e-34 4.91419e-18 -5.18924e-18 4.91419e-18 -3.84434e-33
Plastic strain_mean -2.12376e-18 0.000199408 0 0.000199408 2.12376e-18 0 0 0 0
Plastic strain_rate_mean 0 0 0 0 0 0 0 0 0
Dissipation 0.0033264
End step 21
Begin step 22
Stress 7.98742e-13 100.139 -3.60221e-12 100.139 -9.00778e-13 6.03797e-13 -3.60221e-12 6.03797e-13 -3.06378e-14
Strain 0 0.000733333 0 0.000733333 0 0 0 0 0
Strain mean -2.03799e-19 0.000733333 -1.8011e-17 0.000733333 2.86482e-33 3.01898e-18 -1.8011e-17 3.01898e-18 -1.31655e-33
Plastic strain_mean -4.3507e-18 0.000232639 0 0.000232639 4.3507e-18 0 0 0 0
Plastic strain_rate_mean 0 0 0 0 0 0 0 0 0
Dissipation 0.00332697
End step 22
Begin step 23
Stress 2.19588e-12 100.159 9.64958e-13 100.159 -2.15155e-12 -6.91313e-13 9.64958e-13 -6.91313e-13 1.33102e-14
Strain 0 0.000766667 0 0.000766667 0 0 0 0 0
Strain mean 8.85376e-20 0.000766667 4.82479e-18 0.000766667 1.21875e-33 -3.45656e-18 4.82479e-18 -3.45656e-18 -1.52118e-33
Plastic strain_mean -1.08243e-17 0.00026587 0 0.00026587 1.08243e-17 0 0 0 0
Plastic strain_rate_mean 0 0 0 0 0 0 0 0 0
Dissipation 0.00332754
End step 23
Begin step 24
Stress 7.78004e-12 100.18 1.06371e-11 100.18 -7.66683e-12 -2.64683e-12 1.06371e-11 -2.64683e-12 3.39915e-14
Strain 0 0.0008 0 0.0008 0 0 0 0 0
Strain mean 2.26108e-19 0.0008 5.31857e-17 0.0008 6.25927e-34 -1.32342e-17 5.31857e-17 -1.32342e-17 -1.24584e-33
Plastic strain_mean -3.85041e-17 0.000299101 0 0.000299101 3.85041e-17 0 0 0 0
Plastic strain_rate_mean 0 0 0 0 0 0 0 0 0
Dissipation 0.00332812
End step 24
Begin step 25
Stress 5.90527e-12 100.2 8.82916e-12 100.2 -6.01382e-12 -2.41967e-12 8.82916e-12 -2.41967e-12 -3.25941e-14
Strain 0 0.000833333 0 0.000833333 0 0 0 0 0
Strain mean -2.16813e-19 0.000833333 4.41458e-17 0.000833333 2.60001e-33 -1.20984e-17 4.41458e-17 -1.20984e-17 -5.6988e-34
Plastic strain_mean -2.99061e-17 0.000332332 0 0.000332332 2.99061e-17 0 0 0 0
Plastic strain_rate_mean 0 0 0 0 0 0 0 0 0
Dissipation 0.0033287
End step 25
Begin step 26
Stress 5.50257e-12 100.221 7.12931e-12 100.221 -5.61827e-12 -1.60602e-12 7.12931e-12 -1.60602e-12 -3.47426e-14
Strain 0 0.000866667 0 0.000866667 0 0 0 0 0
Strain mean -2.31104e-19 0.000866667 3.56465e-17 0.000866667 1.54074e-33 -8.03012e-18 3.56465e-17 -8.03012e-18 -1.02917e-33
Plastic strain_mean -2.79177e-17 0.000365562 0 0.000365562 2.79177e-17 0 0 0 0
Plastic strain_rate_mean 0 0 0 0 0 0 0 0 0
Dissipation 0.00332927
End step 26
Begin step 27
Stress 4.1907e-12 100.241 5.93546e-12 100.241 -4.05859e-12 -1.10523e-12 5.93546e-12 -1.10523e-12 3.96684e-14
Strain 0 0.0009 0 0.0009 0 0 0 0 0
Strain mean 2.6387e-19 0.0009 2.96773e-17 0.0009 -1.87778e-33 -5.52613e-18 2.96773e-17 -5.52613e-18 8.35824e-34
Plastic strain_mean -2.04913e-17 0.000398793 0 0.000398793 2.04913e-17 0 0 0 0
Plastic strain_rate_mean 0 0 0 0 0 0 0 0 0
Dissipation 0.00332985
End step 27
Begin step 28
Stress 3.17126e-12 100.262 5.54898e-12 100.262 -3.16337e-12 -1.61571e-12 5.54898e-12 -1.61571e-12 2.36683e-15
Strain 0 0.000933333 0 0.000933333 0 0 0 0 0
Strain mean 1.57439e-20 0.000933333 2.77449e-17 0.000933333 -1.74537e-33 -8.07856e-18 2.77449e-17 -8.07856e-18 1.93721e-34
Plastic strain_mean -1.58287e-17 0.000432024 0 0.000432024 1.58287e-17 0 0 0 0
Plastic strain_rate_mean 0 0 0 0 0 0 0 0 0
Dissipation 0.00333043
End step 28
Begin step 29
Stress 2.69422e-12 100.283 4.70883e-12 100.283 -2.66916e-12 -1.36844e-12 4.70883e-12 -1.36844e-12 7.52408e-15
Strain 0 0.000966667 0 0.000966667 0 0 0 0 0
Strain mean 5.00493e-20 0.000966667 2.35441e-17 0.000966667 1.10741e-33 -6.84222e-18 2.35441e-17 -6.84222e-18 7.5984e-35
Plastic strain_mean -1.33834e-17 0.000465254 0 0.000465254 1.33834e-17 0 0 0 0
Plastic strain_rate_mean 0 0 0 0 0 0 0 0 0
Dissipation 0.00333102
End step 29
Begin step 30
Stress 2.40419e-12 100.303 3.60999e-12 100.303 -2.3456e-12 -6.20074e-13 3.60999e-12 -6.20074e-13 1.7594e-14
Strain 0 0.001 0 0.001 0 0 0 0 0
Strain mean 1.17033e-19 0.001 1.80499e-17 0.001 4.69445e-34 -3.10037e-18 1.80499e-17 -3.10037e-18 -4.43867e-35
Plastic strain_mean -1.1816e-17 0.000498485 0 0.000498485 1.1816e-17 0 0 0 0
Plastic strain_rate_mean 0 0 0 0 0 0 0 0 0
Dissipation 0.0033316
End step 30
