Begin step 0
Stress 0 0 0 0 0 0 0 0 0
Strain 0 0 0 0 0 0 0 0 0
Strain mean 0 0 0 0 0 0 0 0 0
Plastic strain_mean 0 0 0 0 0 0 0 0 0
Plastic strain_rate_mean 0 0 0 0 0 0 0 0 0
Dissipation 0
End step 0
Begin step 1
Stress -7.63233e-16 6.6641 -3.64622e-13 6.6641 1.12136e-15 1.89585e-12 -3.64622e-13 1.89585e-12 1.07534e-16
Strain 0 3.33333e-05 0 3.33333e-05 0 0 0 0 0
Strain mean 7.15301e-22 3.33333e-05 -1.82311e-18 3.33333e-05 -6.74075e-34 9.47923e-18 -1.82311e-18 9.47923e-18 1.50087e-33
Plastic strain_mean 5.06913e-21 1.28472e-08 0 1.28472e-08 -5.06913e-21 0 0 0 0
Plastic strain_rate_mean 0 0 0 0 0 0 0 0 0
Dissipation 8.56152e-08
End step 1
Begin step 2
Stress 1.86035e-14 13.3256 3.11435e-12 13.3256 -2.19411e-14 2.06184e-12 3.11435e-12 2.06184e-12 -1.00219e-15
Strain 0 6.66667e-05 0 6.66667e-05 0 0 0 0 0
Strain mean -6.66646e-21 6.66667e-05 1.55718e-17 6.66667e-05 3.08149e-32 1.03092e-17 1.55718e-17 1.03092e-17 4.95626e-33
Plastic strain_mean -1.04695e-19 3.85368e-08 0 3.85368e-08 1.04695e-19 0 0 0 0
Plastic strain_rate_mean 0 0 0 0 0 0 0 0 0
Dissipation 3.42329e-07
End step 2
Begin step 3
Stress 4.65752e-14 19.9846 3.03632e-12 19.9846 -4.03835e-14 2.00357e-12 3.03632e-12 2.00357e-12 1.85919e-15
Strain 0 0.0001 0 0.0001 0 0 0 0 0
Strain mean 1.23671e-20 0.0001 1.51816e-17 0.0001 -1.13413e-31 1.00179e-17 1.51816e-17 1.00179e-17 4.5801e-33
Plastic strain_mean -2.11213e-19 7.70636e-08 0 7.70636e-08 2.11213e-19 0 0 0 0
Plastic strain_rate_mean 0 0 0 0 0 0 0 0 0
Dissipation 7.69942e-07
End step 3
Begin step 4
Stress 6.92072e-14 26.641 3.07631e-12 26.641 -6.15356e-14 2.0341e-12 3.07631e-12 2.0341e-12 2.30351e-15
Strain 0 0.000133333 0 0.000133333 0 0 0 0 0
Strain mean 1.53227e-20 0.000133333 1.53815e-17 0.000133333 5.29631e-32 1.01705e-17 1.53815e-17 1.01705e-17 5.10371e-33
Plastic strain_mean -3.19195e-19 1.28423e-07 0 1.28423e-07 3.19195e-19 0 0 0 0
Plastic strain_rate_mean 0 0 0 0 0 0 0 0 0
Dissipation 1.36826e-06
End step 4
Begin step 5
Stress 9.30502e-14 33.2948 3.0687e-12 33.2948 -8.20846e-14 2.02604e-12 3.0687e-12 2.02604e-12 3.2926e-15
Strain 0 0.000166667 0 0.000166667 0 0 0 0 0
Strain mean 2.1902e-20 0.000166667 1.53435e-17 0.000166667 7.46298e-32 1.01302e-17 1.53435e-17 1.01302e-17 4.69144e-33
Plastic strain_mean -4.26886e-19 1.92609e-07 0 1.92609e-07 4.26886e-19 0 0 0 0
Plastic strain_rate_mean 0 0 0 0 0 0 0 0 0
Dissipation 2.13708e-06
End step 5
Begin step 6
Stress 1.00659e-13 39.9461 3.07119e-12 39.9461 -1.09559e-13 2.0264e-12 3.07119e-12 2.0264e-12 -2.67251e-15
Strain 0 0.0002 0 0.0002 0 0 0 0 0
Strain mean -1.77772e-20 0.0002 1.5356e-17 0.0002 -1.48537e-31 1.0132e-17 1.5356e-17 1.0132e-17 4.50186e-33
Plastic strain_mean -5.34434e-19 2.69618e-07 0 2.69618e-07 5.34434e-19 0 0 0 0
Plastic strain_rate_mean 0 0 0 0 0 0 0 0 0
Dissipation 3.0762e-06
End step 6
Begin step 7
Stress 1.14448e-13 46.5948 -9.059e-13 46.5948 -1.28155e-13 -6.7217e-13 -9.059e-13 -6.7217e-13 -4.11575e-15
Strain 0 0.000233333 0 0.000233333 0 0 0 0 0
Strain mean -2.73775e-20 0.000233333 -4.5295e-18 0.000233333 1.05324e-34 -3.36085e-18 -4.5295e-18 -3.36085e-18 -5.0014e-33
Plastic strain_mean -6.20197e-19 3.59527e-07 0 3.59527e-07 6.20197e-19 0 0 0 0
Plastic strain_rate_mean 0 0 0 0 0 0 0 0 0
Dissipation 4.18927e-06
End step 7
Begin step 8
Stress 1.82388e-13 53.2407 2.56014e-12 53.2407 -1.80192e-13 1.66769e-12 2.56014e-12 1.66769e-12 6.59394e-16
Strain 0 0.000266667 0 0.000266667 0 0 0 0 0
Strain mean 4.38621e-21 0.000266667 1.28007e-17 0.000266667 2.09445e-33 8.33847e-18 1.28007e-17 8.33847e-18 -6.94538e-33
Plastic strain_mean -9.04257e-19 4.63065e-07 0 4.63065e-07 9.04257e-19 0 0 0 0
Plastic strain_rate_mean 0 0 0 0 0 0 0 0 0
Dissipation 5.51242e-06
End step 8
Begin step 9
Stress 2.2205e-13 59.8834 -5.76473e-12 59.8834 -2.05267e-13 5.62039e-12 -5.76473e-12 5.62039e-12 5.03934e-15
Strain 0 0.0003 0 0.0003 0 0 0 0 0
Strain mean 3.35211e-20 0.0003 -2.88236e-17 0.0003 9.62965e-34 2.81019e-17 -2.88236e-17 2.81019e-17 -2.07037e-33
Plastic strain_mean -1.05153e-18 5.83154e-07 0 5.83154e-07 1.05153e-18 0 0 0 0
Plastic strain_rate_mean 0 0 0 0 0 0 0 0 0
Dissipation 7.19129e-06
End step 9
Begin step 10
Stress 2.65543e-13 66.5218 -1.86143e-12 66.5218 -2.48644e-13 1.57316e-12 -1.86143e-12 1.57316e-12 5.07428e-15
Strain 0 0.000333333 0 0.000333333 0 0 0 0 0
Strain mean 3.37535e-20 0.000333333 -9.30715e-18 0.000333333 1.66713e-33 7.86582e-18 -9.30715e-18 7.86582e-18 -7.98772e-34
Plastic strain_mean -1.26859e-18 7.24146e-07 0 7.24146e-07 1.26859e-18 0 0 0 0
Plastic strain_rate_mean 0 0 0 0 0 0 0 0 0
Dissipation 9.37902e-06
End step 10
Begin step 11
Stress 2.93239e-13 73.1549 2.21376e-12 73.1549 -2.47617e-13 -1.29005e-12 2.21376e-12 -1.29005e-12 1.36988e-14
Strain 0 0.000366667 0 0.000366667 0 0 0 0 0
Strain mean 9.11229e-20 0.000366667 1.10688e-17 0.000366667 -9.44909e-34 -6.45023e-18 1.10688e-17 -6.45023e-18 3.68259e-33
Plastic strain_mean -1.30658e-18 8.92252e-07 0 8.92252e-07 1.30658e-18 0 0 0 0
Plastic strain_rate_mean 0 0 0 0 0 0 0 0 0
Dissipation 1.22977e-05
End step 11
Begin step 12
Stress 3.10917e-13 79.7806 4.67368e-12 79.7806 -2.52162e-13 -2.71999e-12 4.67368e-12 -2.71999e-12 1.76421e-14
Strain 0 0.0004 0 0.0004 0 0 0 0 0
Strain mean 1.17353e-19 0.0004 2.33684e-17 0.0004 -1.5199e-32 -1.36e-17 2.33684e-17 -1.36e-17 7.44944e-33
Plastic strain_mean -1.34902e-18 1.09682e-06 0 1.09682e-06 1.34902e-18 0 0 0 0
Plastic strain_rate_mean 0 0 0 0 0 0 0 0 0
Dissipation 1.63206e-05
End step 12
Begin step 13
Stress 3.32076e-13 86.3962 1.67424e-12 86.3962 -3.06829e-13 -2.44623e-12 1.67424e-12 -2.44623e-12 7.58085e-15
Strain 0 0.000433333 0 0.000433333 0 0 0 0 0
Strain mean 5.04269e-20 0.000433333 8.37122e-18 0.000433333 1.38908e-32 -1.22311e-17 8.37122e-18 -1.22311e-17 -1.68519e-34
Plastic strain_mean -1.57205e-18 1.35223e-06 0 1.35223e-06 1.57205e-18 0 0 0 0
Plastic strain_rate_mean 0 0 0 0 0 0 0 0 0
Dissipation 2.20661e-05
End step 13
Begin step 14
Stress 3.42499e-13 92.997 3.8304e-12 92.997 -2.57654e-13 -2.31058e-12 3.8304e-12 -2.31058e-12 2.54762e-14
Strain 0 0.000466667 0 0.000466667 0 0 0 0 0
Strain mean 1.69465e-19 0.000466667 1.9152e-17 0.000466667 -4.47779e-33 -1.15529e-17 1.9152e-17 -1.15529e-17 1.39179e-33
Plastic strain_mean -1.41565e-18 1.68183e-06 0 1.68183e-06 1.41565e-18 0 0 0 0
Plastic strain_rate_mean 0 0 0 0 0 0 0 0 0
Dissipation 3.06515e-05
End step 14
Begin step 15
Stress 1.81347e-13 99.5747 2.28219e-12 99.5747 -2.00136e-13 -7.8266e-14 2.28219e-12 -7.8266e-14 -5.64197e-15
Strain 0 0.0005 0 0.0005 0 0 0 0 0
Strain mean -3.75297e-20 0.0005 1.14109e-17 0.0005 4.7426e-33 -3.9133e-19 1.14109e-17 -3.9133e-19 -2.39237e-33
Plastic strain_mean -9.72472e-19 2.12629e-06 0 2.12629e-06 9.72472e-19 0 0 0 0
Plastic strain_rate_mean 0 0 0 0 0 0 0 0 0
Dissipation 4.42563e-05
End step 15
Begin step 16
Stress 3.15344e-13 106.114 -2.07916e-12 106.114 -2.84774e-13 1.95735e-12 -2.07916e-12 1.95735e-12 9.17911e-15
Strain 0 0.000533333 0 0.000533333 0 0 0 0 0
Strain mean 6.10584e-20 0.000533333 -1.03958e-17 0.000533333 -4.81482e-35 9.78676e-18 -1.03958e-17 9.78676e-18 -9.78764e-34
Plastic strain_mean -1.46977e-18 2.76316e-06 0 2.76316e-06 1.46977e-18 0 0 0 0
Plastic strain_rate_mean 0 0 0 0 0 0 0 0 0
Dissipation 6.75806e-05
End step 16
Begin step 17
Stress 8.9879e-14 112.581 3.37709e-12 112.581 -1.36185e-13 -2.03534e-12 3.37709e-12 -2.03534e-12 -1.3904e-14
Strain 0 0.000566667 0 0.000566667 0 0 0 0 0
Strain mean -9.24881e-20 0.000566667 1.68855e-17 0.000566667 8.7028e-33 -1.01767e-17 1.68855e-17 -1.01767e-17 5.23311e-33
Plastic strain_mean -6.11403e-19 3.76391e-06 0 3.76391e-06 6.11403e-19 0 0 0 0
Plastic strain_rate_mean 0 0 0 0 0 0 0 0 0
Dissipation 0.000112663
End step 17
Begin step 18
Stress -3.18769e-13 118.882 5.83454e-13 118.882 3.4041e-13 -1.29419e-12 5.83454e-13 -1.29419e-12 6.49787e-15
Strain 0 0.0006 0 0.0006 0 0 0 0 0
Strain mean 4.32231e-20 0.0006 2.91727e-18 0.0006 3.58223e-32 -6.47094e-18 2.91727e-18 -6.47094e-18 5.67547e-33
Plastic strain_mean 1.66956e-18 5.59236e-06 0 5.59236e-06 -1.66956e-18 0 0 0 0
Plastic strain_rate_mean 0 0 0 0 0 0 0 0 0
Dissipation 0.000217364
End step 18
Begin step 19
Stress -8.92909e-13 124.688 -1.64506e-12 124.688 8.89244e-13 5.13154e-12 -1.64506e-12 5.13154e-12 -1.10045e-15
Strain 0 0.000633333 0 0.000633333 0 0 0 0 0
Strain mean -7.32004e-21 0.000633333 -8.22528e-18 0.000633333 -6.11483e-33 2.56577e-17 -8.22528e-18 2.56577e-17 1.45197e-33
Plastic strain_mean 4.45172e-18 9.89161e-06 0 9.89161e-06 -4.45172e-18 0 0 0 0
Plastic strain_rate_mean 0 0 0 0 0 0 0 0 0
Dissipation 0.000536046
End step 19
Begin step 20
Stress -3.68063e-12 128.827 1.01751e-13 128.827 3.59132e-12 2.20088e-12 1.01751e-13 2.20088e-12 -2.68168e-14
Strain 0 0.000666667 0 0.000666667 0 0 0 0 0
Strain mean -1.78382e-19 0.000666667 5.08755e-19 0.000666667 1.91389e-33 1.10044e-17 5.08755e-19 1.10044e-17 -3.41251e-33
Plastic strain_mean 1.80907e-17 2.25333e-05 0 2.25333e-05 -1.80907e-17 0 0 0 0
Plastic strain_rate_mean 0 0 0 0 0 0 0 0 0
Dissipation 0.00162845
End step 20
Begin step 21
Stress 2.02756e-13 130.406 -1.67468e-12 130.406 -1.88155e-13 -2.89412e-12 -1.67468e-12 -2.89412e-12 4.38431e-15
Strain 0 0.0007 0 0.0007 0 0 0 0 0
Strain mean 2.9164e-20 0.0007 -8.37341e-18 0.0007 -3.60149e-32 -1.44706e-17 -8.37341e-18 -1.44706e-17 -5.21919e-34
Plastic strain_mean -9.62694e-19 4.7971e-05 0 4.7971e-05 9.62694e-19 0 0 0 0
Plastic strain_rate_mean 0 0 0 0 0 0 0 0 0
Dissipation 0.00331673
End step 21
Begin step 22
Stress 3.77054e-12 130.79 1.0782e-12 130.79 -3.76457e-12 9.14215e-12 1.0782e-12 9.14215e-12 1.79041e-15
Strain 0 0.000733333 0 0.000733333 0 0 0 0 0
Strain mean 1.19096e-20 0.000733333 5.39098e-18 0.000733333 5.42571e-33 4.57107e-17 5.39098e-18 4.57107e-17 4.41459e-33
Plastic strain_mean -1.88318e-17 7.9383e-05 0 7.9383e-05 1.88318e-17 0 0 0 0
Plastic strain_rate_mean 0 0 0 0 0 0 0 0 0
Dissipation 0.00410747
End step 22
Begin step 23
Stress -3.24001e-13 130.889 -4.20495e-13 130.889 2.5303e-13 2.9228e-12 -4.20495e-13 2.9228e-12 -2.13102e-14
Strain 0 0.000766667 0 0.000766667 0 0 0 0 0
Strain mean -1.41753e-19 0.000766667 -2.10248e-18 0.000766667 9.61178e-34 1.4614e-17 -2.10248e-18 1.4614e-17 2.14504e-33
Plastic strain_mean 1.3717e-18 0.000112221 0 0.000112221 -1.3717e-18 0 0 0 0
Plastic strain_rate_mean 0 0 0 0 0 0 0 0 0
Dissipation 0.00429693
End step 23
Begin step 24
Stress -9.92074e-13 130.932 7.06659e-13 130.932 1.01258e-12 -1.48816e-12 7.06659e-13 -1.48816e-12 6.15726e-15
Strain 0 0.0008 0 0.0008 0 0 0 0 0
Strain mean 4.09574e-20 0.0008 3.53329e-18 0.0008 1.31204e-33 -7.44078e-18 3.53329e-18 -7.44078e-18 -9.78011e-35
Plastic strain_mean 5.03211e-18 0.000145341 0 0.000145341 -5.03211e-18 0 0 0 0
Plastic strain_rate_mean 0 0 0 0 0 0 0 0 0
Dissipation 0.00433509
End step 24
Begin step 25
Stress 2.79317e-13 130.963 -2.94477e-12 130.963 -1.96856e-13 -8.38844e-13 -2.94477e-12 -8.38844e-13 2.476e-14
Strain 0 0.000833333 0 0.000833333 0 0 0 0 0
Strain mean 1.64701e-19 0.000833333 -1.47239e-17 0.000833333 6.92131e-34 -4.19422e-18 -1.47239e-17 -4.19422e-18 -4.64932e-34
Plastic strain_mean -1.10808e-18 0.000178518 0 0.000178518 1.10808e-18 0 0 0 0
Plastic strain_rate_mean 0 0 0 0 0 0 0 0 0
Dissipation 0.00434322
End step 25
Begin step 26
Stress 4.00382e-13 130.992 -2.34413e-12 130.992 -5.38077e-13 -6.14972e-13 -2.34413e-12 -6.14972e-13 -4.13453e-14
Strain 0 0.000866667 0 0.000866667 0 0 0 0 0
Strain mean -2.75024e-19 0.000866667 -1.17206e-17 0.000866667 1.45348e-33 -3.07486e-18 -1.17206e-17 -3.07486e-18 -7.40279e-34
Plastic strain_mean -2.48366e-18 0.000211706 0 0.000211706 2.48366e-18 0 0 0 0
Plastic strain_rate_mean 0 0 0 0 0 0 0 0 0
Dissipation 0.00434561
End step 26
Begin step 27
Stress 4.74042e-13 131.02 -1.91023e-12 131.02 -4.25817e-13 -4.32015e-13 -1.91023e-12 -4.32015e-13 1.44805e-14
Strain 0 0.0009 0 0.0009 0 0 0 0 0
Strain mean 9.63224e-20 0.0009 -9.55116e-18 0.0009 -3.61112e-35 -2.16008e-18 -9.55116e-18 -2.16008e-18 -1.10515e-33
Plastic strain_mean -2.20149e-18 0.000244899 0 0.000244899 2.20149e-18 0 0 0 0
Plastic strain_rate_mean 0 0 0 0 0 0 0 0 0
Dissipation 0.00434687
End step 27
Begin step 28
Stress 4.84508e-13 131.048 -1.61119e-12 131.048 -2.9818e-13 -2.95546e-13 -1.61119e-12 -2.95546e-13 5.59481e-14
Strain 0 0.000933333 0 0.000933333 0 0 0 0 0
Strain mean 3.7216e-19 0.000933333 -8.05595e-18 0.000933333 2.10649e-35 -1.47773e-18 -8.05595e-18 -1.47773e-18 -2.60301e-34
Plastic strain_mean -1.77064e-18 0.000278093 0 0.000278093 1.77064e-18 0 0 0 0
Plastic strain_rate_mean 0 0 0 0 0 0 0 0 0
Dissipation 0.00434787
End step 28
Begin step 29
Stress 2.5132e-13 131.076 -1.39486e-12 131.076 -2.75054e-13 -1.91213e-13 -1.39486e-12 -1.91213e-13 -7.1267e-15
Strain 0 0.000966667 0 0.000966667 0 0 0 0 0
Strain mean -4.7406e-20 0.000966667 -6.9743e-18 0.000966667 2.31713e-34 -9.56067e-19 -6.9743e-18 -9.56067e-19 -1.81308e-34
Plastic strain_mean -1.33964e-18 0.000311289 0 0.000311289 1.33964e-18 0 0 0 0
Plastic strain_rate_mean 0 0 0 0 0 0 0 0 0
Dissipation 0.00434879
End step 29
Begin step 30
Stress 2.78087e-14 131.103 -1.60248e-13 131.103 -3.44404e-14 -1.10843e-12 -1.60248e-13 -1.10843e-12 -1.99128e-15
Strain 0 0.001 0 0.001 0 0 0 0 0
Strain mean -1.32458e-20 0.001 -8.01241e-19 0.001 2.01019e-32 -5.54215e-18 -8.01241e-19 -5.54215e-18 -5.29631e-34
Plastic strain_mean -1.62246e-19 0.000344486 0 0.000344486 1.62246e-19 0 0 0 0
Plastic strain_rate_mean 0 0 0 0 0 0 0 0 0
Dissipation 0.00434968
End step 30
