Begin step 0
Stress 0 0 0 0 0 0 0 0 0
Strain 0 0 0 0 0 0 0 0 0
Strain mean 0 0 0 0 0 0 0 0 0
Plastic strain_mean 0 0 0 0 0 0 0 0 0
Plastic strain_rate_mean 0 0 0 0 0 0 0 0 0
Dissipation 0
End step 0
Begin step 1
Stress -2.3871e-18 6.64106 1.34969e-12 6.64106 -8.14762e-16 -9.69962e-13 1.34969e-12 -9.69962e-13 -2.45362e-16
Strain 0 3.33333e-05 0 3.33333e-05 0 0 0 0 0
Strain mean -1.63212e-21 3.33333e-05 6.74846e-18 3.33333e-05 -1.38426e-33 -4.84981e-18 6.74846e-18 -4.84981e-18 -7.24105e-34
Plastic strain_mean -2.847e-21 1.28028e-07 0 1.28028e-07 2.847e-21 0 0 0 0
Plastic strain_rate_mean 0 0 0 0 0 0 0 0 0
Dissipation 8.50234e-07
End step 1
Begin step 2
Stress -2.20668e-15 13.2566 -2.59063e-13 13.2566 8.06893e-16 2.61179e-12 -2.59063e-13 2.61179e-12 -4.20309e-16
Strain 0 6.66667e-05 0 6.66667e-05 0 0 0 0 0
Strain mean -2.79585e-21 6.66667e-05 -1.29531e-18 6.66667e-05 1.10982e-32 1.30589e-17 -1.29531e-18 1.30589e-17 1.69271e-33
Plastic strain_mean 6.13601e-21 3.8359e-07 0 3.8359e-07 -6.13601e-21 0 0 0 0
Plastic strain_rate_mean 0 0 0 0 0 0 0 0 0
Dissipation 3.38785e-06
End step 2
Begin step 3
Stress 7.3594e-15 19.8468 -2.5189e-13 19.8468 7.48198e-15 2.60041e-12 -2.5189e-13 2.60041e-12 4.45637e-15
Strain 0 0.0001 0 0.0001 0 0 0 0 0
Strain mean 2.96432e-20 0.0001 -1.25945e-18 0.0001 8.90743e-33 1.3002e-17 -1.25945e-18 1.3002e-17 2.04254e-33
Plastic strain_mean 1.51281e-20 7.66195e-07 0 7.66195e-07 -1.51281e-20 0 0 0 0
Plastic strain_rate_mean 0 0 0 0 0 0 0 0 0
Dissipation 7.59337e-06
End step 3
Begin step 4
Stress 5.76343e-15 26.4116 -2.51612e-13 26.4116 9.31792e-15 2.58907e-12 -2.51612e-13 2.58907e-12 4.52842e-15
Strain 0 0.000133333 0 0.000133333 0 0 0 0 0
Strain mean 3.01225e-20 0.000133333 -1.25806e-18 0.000133333 1.32408e-33 1.29453e-17 -1.25806e-18 1.29453e-17 1.77622e-33
Plastic strain_mean 2.39475e-20 1.27535e-06 0 1.27535e-06 -2.39475e-20 0 0 0 0
Plastic strain_rate_mean 0 0 0 0 0 0 0 0 0
Dissipation 1.34475e-05
End step 4
Begin step 5
Stress -4.32746e-15 32.9512 -2.43887e-13 32.9512 7.44698e-15 2.57808e-12 -2.43887e-13 2.57808e-12 9.36689e-16
Strain 0 0.000166667 0 0.000166667 0 0 0 0 0
Strain mean 6.23075e-21 0.000166667 -1.21944e-18 0.000166667 -3.22593e-33 1.28904e-17 -1.21944e-18 1.28904e-17 2.04931e-33
Plastic strain_mean 3.25515e-20 1.91058e-06 0 1.91058e-06 -3.25515e-20 0 0 0 0
Plastic strain_rate_mean 0 0 0 0 0 0 0 0 0
Dissipation 2.0931e-05
End step 5
Begin step 6
Stress 1.405e-15 39.4657 -2.42435e-13 39.4657 1.23093e-14 2.56709e-12 -2.42435e-13 2.56709e-12 4.11794e-15
Strain 0 0.0002 0 0.0002 0 0 0 0 0
Strain mean 2.7392e-20 0.0002 -1.21218e-18 0.0002 3.9963e-33 1.28355e-17 -1.21218e-18 1.28355e-17 1.90186e-33
Plastic strain_mean 4.09567e-20 2.67138e-06 0 2.67138e-06 -4.09567e-20 0 0 0 0
Plastic strain_rate_mean 0 0 0 0 0 0 0 0 0
Dissipation 3.0025e-05
End step 6
Begin step 7
Stress -1.54174e-14 45.9551 -2.46126e-12 45.9551 1.40358e-14 1.65146e-12 -2.46126e-12 1.65146e-12 -4.14851e-16
Strain 0 0.000233333 0 0.000233333 0 0 0 0 0
Strain mean -2.75954e-21 0.000233333 -1.23063e-17 0.000233333 1.37223e-33 8.2573e-18 -1.23063e-17 8.2573e-18 3.26204e-33
Plastic strain_mean 7.22531e-20 3.55802e-06 0 3.55802e-06 -7.22531e-20 0 0 0 0
Plastic strain_rate_mean 0 0 0 0 0 0 0 0 0
Dissipation 4.07441e-05
End step 7
Begin step 8
Stress 6.01241e-14 52.4179 1.34013e-12 52.4179 -6.05895e-14 -1.99964e-12 1.34013e-12 -1.99964e-12 -1.39739e-16
Strain 0 0.000266667 0 0.000266667 0 0 0 0 0
Strain mean -9.29529e-22 0.000266667 6.70065e-18 0.000266667 4.2864e-32 -9.99818e-18 6.70065e-18 -9.99818e-18 -7.16205e-34
Plastic strain_mean -3.02249e-19 4.57695e-06 0 4.57695e-06 3.02249e-19 0 0 0 0
Plastic strain_rate_mean 0 0 0 0 0 0 0 0 0
Dissipation 5.34085e-05
End step 8
Begin step 9
Stress 1.19787e-13 58.848 8.19087e-13 58.848 -1.33559e-13 -2.25095e-12 8.19087e-13 -2.25095e-12 -4.1354e-15
Strain 0 0.0003 0 0.0003 0 0 0 0 0
Strain mean -2.75082e-20 0.0003 4.09544e-18 0.0003 3.54612e-32 -1.12548e-17 4.09544e-18 -1.12548e-17 -1.40232e-33
Plastic strain_mean -6.47119e-19 5.75997e-06 0 5.75997e-06 6.47119e-19 0 0 0 0
Plastic strain_rate_mean 0 0 0 0 0 0 0 0 0
Dissipation 6.96157e-05
End step 9
Begin step 10
Stress 1.69013e-13 65.2345 -3.90098e-14 65.2345 -1.81993e-13 -8.68994e-13 -3.90098e-14 -8.68994e-13 -3.89741e-15
Strain 0 0.000333333 0 0.000333333 0 0 0 0 0
Strain mean -2.59251e-20 0.000333333 -1.95049e-19 0.000333333 6.79372e-32 -4.34497e-18 -1.95049e-19 -4.34497e-18 -3.18982e-34
Plastic strain_mean -8.90477e-19 7.1606e-06 0 7.1606e-06 8.90477e-19 0 0 0 0
Plastic strain_rate_mean 0 0 0 0 0 0 0 0 0
Dissipation 9.13656e-05
End step 10
Begin step 11
Stress 2.58099e-13 71.5604 3.51202e-12 71.5604 -2.27543e-13 -4.89216e-12 3.51202e-12 -4.89216e-12 9.17475e-15
Strain 0 0.000366667 0 0.000366667 0 0 0 0 0
Strain mean 6.10294e-20 0.000366667 1.75601e-17 0.000366667 -6.09075e-33 -2.44608e-17 1.75601e-17 -2.44608e-17 6.71668e-33
Plastic strain_mean -1.18359e-18 8.86461e-06 0 8.86461e-06 1.18359e-18 0 0 0 0
Plastic strain_rate_mean 0 0 0 0 0 0 0 0 0
Dissipation 0.000121933
End step 11
Begin step 12
Stress 1.29353e-14 77.7955 -6.60047e-12 77.7955 -4.40869e-14 4.44725e-12 -6.60047e-12 4.44725e-12 -9.35379e-15
Strain 0 0.0004 0 0.0004 0 0 0 0 0
Strain mean -6.22203e-20 0.0004 -3.30024e-17 0.0004 -1.34815e-33 2.22362e-17 -3.30024e-17 2.22362e-17 -5.83798e-34
Plastic strain_mean -1.73666e-19 1.10225e-05 0 1.10225e-05 1.73666e-19 0 0 0 0
Plastic strain_rate_mean 0 0 0 0 0 0 0 0 0
Dissipation 0.000167864
End step 12
Begin step 13
Stress -1.11406e-13 83.8828 3.16809e-12 83.8828 1.31709e-13 -1.56402e-12 3.16809e-12 -1.56402e-12 6.09612e-15
Strain 0 0.000433333 0 0.000433333 0 0 0 0 0
Strain mean 4.05507e-20 0.000433333 1.58405e-17 0.000433333 4.60899e-32 -7.82011e-18 1.58405e-17 -7.82011e-18 3.07998e-33
Plastic strain_mean 6.28063e-19 1.39193e-05 0 1.39193e-05 -6.28063e-19 0 0 0 0
Plastic strain_rate_mean 0 0 0 0 0 0 0 0 0
Dissipation 0.000242972
End step 13
Begin step 14
Stress -5.45e-13 89.6998 -6.32504e-13 89.6998 5.16553e-13 9.95877e-13 -6.32504e-13 9.95877e-13 -8.54155e-15
Strain 0 0.000466667 0 0.000466667 0 0 0 0 0
Strain mean -5.68174e-20 0.000466667 -3.16252e-18 0.000466667 -3.45704e-31 4.97939e-18 -3.16252e-18 4.97939e-18 -3.12211e-33
Plastic strain_mean 2.62548e-18 1.81677e-05 0 1.81677e-05 -2.62548e-18 0 0 0 0
Plastic strain_rate_mean 0 0 0 0 0 0 0 0 0
Dissipation 0.000381039
End step 14
Begin step 15
Stress -8.20715e-13 94.9447 -3.67229e-13 94.9447 8.52172e-13 -5.46659e-12 -3.67229e-13 -5.46659e-12 9.44549e-15
Strain 0 0.0005 0 0.0005 0 0 0 0 0
Strain mean 6.28303e-20 0.0005 -1.83614e-18 0.0005 -1.37223e-32 -2.73329e-17 -1.83614e-18 -2.73329e-17 3.31019e-33
Plastic strain_mean 4.21363e-18 2.52767e-05 0 2.52767e-05 -4.21363e-18 0 0 0 0
Plastic strain_rate_mean 0 0 0 0 0 0 0 0 0
Dissipation 0.000674871
End step 15
Begin step 16
Stress -3.65358e-13 98.8664 3.60747e-13 98.8664 3.33595e-13 -1.18366e-12 3.60747e-13 -1.18366e-12 -9.5372e-15
Strain 0 0.000533333 0 0.000533333 0 0 0 0 0
Strain mean -6.34403e-20 0.000533333 1.80373e-18 0.000533333 -2.45556e-33 -5.91828e-18 1.80373e-18 -5.91828e-18 6.69562e-34
Plastic strain_mean 1.71566e-18 3.90013e-05 0 3.90013e-05 -1.71566e-18 0 0 0 0
Plastic strain_rate_mean 0 0 0 0 0 0 0 0 0
Dissipation 0.00135662
End step 16
Begin step 17
Stress -2.45569e-12 100.75 -5.08363e-13 100.75 2.48336e-12 -2.46516e-12 -5.08363e-13 -2.46516e-12 8.31011e-15
Strain 0 0.000566667 0 0.000566667 0 0 0 0 0
Strain mean 5.52779e-20 0.000566667 -2.54181e-18 0.000566667 -9.96669e-33 -1.23258e-17 -2.54181e-18 -1.23258e-17 2.62784e-33
Plastic strain_mean 1.23753e-17 6.29179e-05 0 6.29179e-05 -1.23753e-17 0 0 0 0
Plastic strain_rate_mean 0 0 0 0 0 0 0 0 0
Dissipation 0.00240889
End step 17
Begin step 18
Stress 1.84063e-13 101.327 7.26054e-13 101.327 -1.86913e-13 -1.83512e-12 7.26054e-13 -1.83512e-12 -8.55902e-16
Strain 0 0.0006 0 0.0006 0 0 0 0 0
Strain mean -5.69336e-21 0.0006 3.63027e-18 0.0006 -1.85183e-33 -9.17561e-18 3.63027e-18 -9.17561e-18 7.85418e-34
Plastic strain_mean -9.30288e-19 9.33656e-05 0 9.33656e-05 9.30288e-19 0 0 0 0
Plastic strain_rate_mean 0 0 0 0 0 0 0 0 0
Dissipation 0.00308399
End step 18
Begin step 19
Stress -5.92762e-13 101.484 -5.98992e-13 101.484 5.63996e-13 -3.14852e-13 -5.98992e-13 -3.14852e-13 -8.63762e-15
Strain 0 0.000633333 0 0.000633333 0 0 0 0 0
Strain mean -5.74565e-20 0.000633333 -2.99496e-18 0.000633333 1.01111e-33 -1.57426e-18 -2.99496e-18 -1.57426e-18 -6.53011e-34
Plastic strain_mean 2.86317e-18 0.000125914 0 0.000125914 -2.86317e-18 0 0 0 0
Plastic strain_rate_mean 0 0 0 0 0 0 0 0 0
Dissipation 0.0033016
End step 19
Begin step 20
Stress 2.30925e-12 101.538 -2.44253e-13 101.538 -2.33911e-12 2.45501e-12 -2.44253e-13 2.45501e-12 -8.96514e-15
Strain 0 0.000666667 0 0.000666667 0 0 0 0 0
Strain mean -5.96351e-20 0.000666667 -1.22127e-18 0.000666667 -1.8176e-33 1.22751e-17 -1.22127e-18 1.22751e-17 3.5404e-33
Plastic strain_mean -1.16507e-17 0.000158975 0 0.000158975 1.16507e-17 0 0 0 0
Plastic strain_rate_mean 0 0 0 0 0 0 0 0 0
Dissipation 0.00335517
End step 20
Begin step 21
Stress 1.92954e-12 101.569 4.41577e-12 101.569 -1.94586e-12 1.16972e-12 4.41577e-12 1.16972e-12 -4.8996e-15
Strain 0 0.0007 0 0.0007 0 0 0 0 0
Strain mean -3.25916e-20 0.0007 2.20788e-17 0.0007 -7.94446e-34 5.84859e-18 2.20788e-17 5.84859e-18 5.20603e-34
Plastic strain_mean -9.7048e-18 0.000192155 0 0.000192155 9.7048e-18 0 0 0 0
Plastic strain_rate_mean 0 0 0 0 0 0 0 0 0
Dissipation 0.00336792
End step 21
Begin step 22
Stress 1.22234e-12 101.594 5.27467e-12 101.594 -1.26495e-12 1.08529e-12 5.27467e-12 1.08529e-12 -1.27949e-14
Strain 0 0.000733333 0 0.000733333 0 0 0 0 0
Strain mean -8.511e-20 0.000733333 2.63734e-17 0.000733333 -1.87778e-33 5.42643e-18 2.63734e-17 5.42643e-18 2.70834e-34
Plastic strain_mean -6.26076e-18 0.000225362 0 0.000225362 6.26076e-18 0 0 0 0
Plastic strain_rate_mean 0 0 0 0 0 0 0 0 0
Dissipation 0.00337139
End step 22
Begin step 23
Stress 9.22004e-13 101.618 4.6664e-12 101.618 -9.5509e-13 1.03938e-12 4.6664e-12 1.03938e-12 -9.93458e-15
Strain 0 0.000766667 0 0.000766667 0 0 0 0 0
Strain mean -6.60837e-20 0.000766667 2.3332e-17 0.000766667 1.23982e-33 5.19688e-18 2.3332e-17 5.19688e-18 -1.19769e-33
Plastic strain_mean -4.72578e-18 0.000258577 0 0.000258577 4.72578e-18 0 0 0 0
Plastic strain_rate_mean 0 0 0 0 0 0 0 0 0
Dissipation 0.00337277
End step 23
Begin step 24
Stress 7.64691e-13 101.641 3.99459e-12 101.641 -7.79976e-13 9.72368e-13 3.99459e-12 9.72368e-13 -4.58956e-15
Strain 0 0.0008 0 0.0008 0 0 0 0 0
Strain mean -3.05292e-20 0.0008 1.99729e-17 0.0008 1.3e-33 4.86184e-18 1.99729e-17 4.86184e-18 -9.58451e-34
Plastic strain_mean -3.87693e-18 0.000291795 0 0.000291795 3.87693e-18 0 0 0 0
Plastic strain_rate_mean 0 0 0 0 0 0 0 0 0
Dissipation 0.00337364
End step 24
Begin step 25
Stress 6.76442e-13 101.664 3.43485e-12 101.664 -6.99115e-13 8.89804e-13 3.43485e-12 8.89804e-13 -6.80792e-15
Strain 0 0.000833333 0 0.000833333 0 0 0 0 0
Strain mean -4.52855e-20 0.000833333 1.71742e-17 0.000833333 6.62038e-34 4.44902e-18 1.71742e-17 4.44902e-18 -3.00927e-34
Plastic strain_mean -3.46154e-18 0.000325015 0 0.000325015 3.46154e-18 0 0 0 0
Plastic strain_rate_mean 0 0 0 0 0 0 0 0 0
Dissipation 0.00337439
End step 25
Begin step 26
Stress 5.23942e-13 101.686 2.94948e-12 101.686 -6.54235e-13 7.94205e-13 2.94948e-12 7.94205e-13 -3.91226e-14
Strain 0 0.000866667 0 0.000866667 0 0 0 0 0
Strain mean -2.60239e-19 0.000866667 1.47474e-17 0.000866667 1.21574e-33 3.97102e-18 1.47474e-17 3.97102e-18 -7.55326e-34
Plastic strain_mean -3.07556e-18 0.000358236 0 0.000358236 3.07556e-18 0 0 0 0
Plastic strain_rate_mean 0 0 0 0 0 0 0 0 0
Dissipation 0.00337508
End step 26
Begin step 27
Stress 6.03707e-13 101.708 2.54751e-12 101.708 -5.60353e-13 6.83617e-13 2.54751e-12 6.83617e-13 1.30176e-14
Strain 0 0.0009 0 0.0009 0 0 0 0 0
Strain mean 8.65914e-20 0.0009 1.27376e-17 0.0009 7.22224e-35 3.41808e-18 1.27376e-17 3.41808e-18 -3.56598e-34
Plastic strain_mean -2.86685e-18 0.000391459 0 0.000391459 2.86685e-18 0 0 0 0
Plastic strain_rate_mean 0 0 0 0 0 0 0 0 0
Dissipation 0.00337575
End step 27
Begin step 28
Stress 5.58961e-13 101.73 2.20213e-12 101.73 -4.62975e-13 5.72445e-13 2.20213e-12 5.72445e-13 2.88212e-14
Strain 0 0.000933333 0 0.000933333 0 0 0 0 0
Strain mean 1.91715e-19 0.000933333 1.10106e-17 0.000933333 5.77779e-34 2.86223e-18 1.10106e-17 2.86223e-18 -9.10303e-35
Plastic strain_mean -2.45898e-18 0.000424682 0 0.000424682 2.45898e-18 0 0 0 0
Plastic strain_rate_mean 0 0 0 0 0 0 0 0 0
Dissipation 0.0033764
End step 28
Begin step 29
Stress 4.57265e-13 101.752 1.86745e-12 101.752 -4.65235e-13 4.59729e-13 1.86745e-12 4.59729e-13 -2.39303e-15
Strain 0 0.000966667 0 0.000966667 0 0 0 0 0
Strain mean -1.59182e-20 0.000966667 9.33724e-18 0.000966667 -1.05324e-33 2.29864e-18 9.33724e-18 2.29864e-18 -1.15255e-33
Plastic strain_mean -2.31421e-18 0.000457905 0 0.000457905 2.31421e-18 0 0 0 0
Plastic strain_rate_mean 0 0 0 0 0 0 0 0 0
Dissipation 0.00337705
End step 29
Begin step 30
Stress 1.58219e-12 101.774 4.80805e-12 101.774 -1.6292e-12 -8.65386e-13 4.80805e-12 -8.65386e-13 -1.41137e-14
Strain 0 0.001 0 0.001 0 0 0 0 0
Strain mean -9.38824e-20 0.001 2.40403e-17 0.001 -1.3e-33 -4.32693e-18 2.40403e-17 -4.32693e-18 -5.74168e-33
Plastic strain_mean -8.07542e-18 0.00049113 0 0.00049113 8.07542e-18 0 0 0 0
Plastic strain_rate_mean 0 0 0 0 0 0 0 0 0
Dissipation 0.00337768
End step 30
