Begin step 0
Stress 0 0 0 0 0 0 0 0 0
Strain 0 0 0 0 0 0 0 0 0
Strain mean 0 0 0 0 0 0 0 0 0
Plastic strain_mean 0 0 0 0 0 0 0 0 0
Plastic strain_rate_mean 0 0 0 0 0 0 0 0 0
Dissipation 0
End step 0
Begin step 1
Stress -2.16725e-14 6.6564 -3.25887e-12 6.6564 1.96583e-14 2.24082e-12 -3.25887e-12 2.24082e-12 -6.04808e-16
Strain 0 3.33333e-05 0 3.33333e-05 0 0 0 0 0
Strain mean -4.02312e-21 3.33333e-05 -1.62943e-17 3.33333e-05 3.77964e-33 1.12041e-17 -1.62943e-17 1.12041e-17 8.17016e-34
Plastic strain_mean 1.01316e-19 5.13295e-08 0 5.13295e-08 -1.01316e-19 0 0 0 0
Plastic strain_rate_mean 0 0 0 0 0 0 0 0 0
Dissipation 3.41669e-07
End step 1
Begin step 2
Stress -8.64995e-14 13.3026 1.71476e-12 13.3026 8.76447e-14 -5.65314e-12 1.71476e-12 -5.65314e-12 3.43889e-16
Strain 0 6.66667e-05 0 6.66667e-05 0 0 0 0 0
Strain mean 2.28751e-21 6.66667e-05 8.57382e-18 6.66667e-05 1.09056e-32 -2.82657e-17 8.57382e-18 -2.82657e-17 -7.88428e-34
Plastic strain_mean 4.36504e-19 1.53909e-07 0 1.53909e-07 -4.36504e-19 0 0 0 0
Plastic strain_rate_mean 0 0 0 0 0 0 0 0 0
Dissipation 1.36457e-06
End step 2
Begin step 3
Stress -1.51548e-13 19.9385 1.71595e-12 19.9385 1.54857e-13 -5.6445e-12 1.71595e-12 -5.6445e-12 9.93458e-16
Strain 0 0.0001 0 0.0001 0 0 0 0 0
Strain mean 6.60837e-21 0.0001 8.57973e-18 0.0001 7.46298e-33 -2.82225e-17 8.57973e-18 -2.82225e-17 -1.45047e-33
Plastic strain_mean 7.69317e-19 3.0766e-07 0 3.0766e-07 -7.69317e-19 0 0 0 0
Plastic strain_rate_mean 0 0 0 0 0 0 0 0 0
Dissipation 3.06554e-06
End step 3
Begin step 4
Stress -2.26307e-13 26.5642 1.71796e-12 26.5642 2.1732e-13 -5.63136e-12 1.71796e-12 -5.63136e-12 -2.69871e-15
Strain 0 0.000133333 0 0.000133333 0 0 0 0 0
Strain mean -1.79515e-20 0.000133333 8.58978e-18 0.000133333 8.16113e-33 -2.81568e-17 8.58978e-18 -2.81568e-17 -1.13449e-33
Plastic strain_mean 1.10009e-18 5.12503e-07 0 5.12503e-07 -1.10009e-18 0 0 0 0
Plastic strain_rate_mean 0 0 0 0 0 0 0 0 0
Dissipation 5.44145e-06
End step 4
Begin step 5
Stress -2.77448e-13 33.1797 1.72296e-12 33.1797 2.89359e-13 -5.61946e-12 1.72296e-12 -5.61946e-12 3.57645e-15
Strain 0 0.000166667 0 0.000166667 0 0 0 0 0
Strain mean 2.37901e-20 0.000166667 8.6148e-18 0.000166667 1.08574e-32 -2.80973e-17 8.6148e-18 -2.80973e-17 -7.55326e-34
Plastic strain_mean 1.42891e-18 7.68359e-07 0 7.68359e-07 -1.42891e-18 0 0 0 0
Plastic strain_rate_mean 0 0 0 0 0 0 0 0 0
Dissipation 8.48915e-06
End step 5
Begin step 6
Stress -3.63385e-13 39.785 1.72017e-12 39.785 3.45846e-13 -5.60812e-12 1.72017e-12 -5.60812e-12 -5.26642e-15
Strain 0 0.0002 0 0.0002 0 0 0 0 0
Strain mean -3.50316e-20 0.0002 8.60085e-18 0.0002 1.75741e-32 -2.80406e-17 8.60085e-18 -2.80406e-17 -1.21273e-33
Plastic strain_mean 1.75556e-18 1.07515e-06 0 1.07515e-06 -1.75556e-18 0 0 0 0
Plastic strain_rate_mean 0 0 0 0 0 0 0 0 0
Dissipation 1.22055e-05
End step 6
Begin step 7
Stress -2.15949e-13 46.38 -5.10352e-13 46.38 2.08001e-13 3.41963e-12 -5.10352e-13 3.41963e-12 -2.38648e-15
Strain 0 0.000233333 0 0.000233333 0 0 0 0 0
Strain mean -1.58746e-20 0.000233333 -2.55176e-18 0.000233333 -4.40556e-33 1.70981e-17 -2.55176e-18 1.70981e-17 -8.90743e-33
Plastic strain_mean 1.05194e-18 1.43317e-06 0 1.43317e-06 -1.05194e-18 0 0 0 0
Plastic strain_rate_mean 0 0 0 0 0 0 0 0 0
Dissipation 1.66047e-05
End step 7
Begin step 8
Stress -2.18884e-13 52.9642 3.60061e-12 52.9642 2.20215e-13 -2.34786e-12 3.60061e-12 -2.34786e-12 3.99567e-16
Strain 0 0.000266667 0 0.000266667 0 0 0 0 0
Strain mean 2.65787e-21 0.000266667 1.80031e-17 0.000266667 2.03186e-32 -1.17393e-17 1.80031e-17 -1.17393e-17 3.6382e-33
Plastic strain_mean 1.09908e-18 1.84581e-06 0 1.84581e-06 -1.09908e-18 0 0 0 0
Plastic strain_rate_mean 0 0 0 0 0 0 0 0 0
Dissipation 2.18551e-05
End step 8
Begin step 9
Stress -2.18888e-13 59.5344 3.67581e-12 59.5344 2.35002e-13 -2.3454e-12 3.67581e-12 -2.3454e-12 4.83847e-15
Strain 0 0.0003 0 0.0003 0 0 0 0 0
Strain mean 3.21849e-20 0.0003 1.83791e-17 0.0003 -5.40464e-32 -1.1727e-17 1.83791e-17 -1.1727e-17 7.24029e-33
Plastic strain_mean 1.15082e-18 2.32805e-06 0 2.32805e-06 -1.15082e-18 0 0 0 0
Plastic strain_rate_mean 0 0 0 0 0 0 0 0 0
Dissipation 2.87094e-05
End step 9
Begin step 10
Stress -1.8727e-13 66.0856 6.25862e-13 66.0856 1.61558e-13 -1.74698e-12 6.25862e-13 -1.74698e-12 -7.72059e-15
Strain 0 0.000333333 0 0.000333333 0 0 0 0 0
Strain mean -5.13565e-20 0.000333333 3.12931e-18 0.000333333 -1.66111e-33 -8.73492e-18 3.12931e-18 -8.73492e-18 -8.1852e-34
Plastic strain_mean 8.46392e-19 2.90517e-06 0 2.90517e-06 -8.46392e-19 0 0 0 0
Plastic strain_rate_mean 0 0 0 0 0 0 0 0 0
Dissipation 3.81382e-05
End step 10
Begin step 11
Stress -1.4628e-13 72.6091 4.09995e-12 72.6091 1.49945e-13 -5.41198e-12 4.09995e-12 -5.41198e-12 1.10045e-15
Strain 0 0.000366667 0 0.000366667 0 0 0 0 0
Strain mean 7.32004e-21 0.000366667 2.04997e-17 0.000366667 2.04704e-34 -2.70599e-17 2.04997e-17 -2.70599e-17 6.80395e-33
Plastic strain_mean 7.44222e-19 3.62098e-06 0 3.62098e-06 -7.44222e-19 0 0 0 0
Plastic strain_rate_mean 0 0 0 0 0 0 0 0 0
Dissipation 5.19734e-05
End step 11
Begin step 12
Stress -1.48816e-13 79.088 -3.22707e-12 79.088 8.12775e-14 1.50201e-12 -3.22707e-12 1.50201e-12 -2.02796e-14
Strain 0 0.0004 0 0.0004 0 0 0 0 0
Strain mean -1.34898e-19 0.0004 -1.61354e-17 0.0004 -3.086e-33 7.51003e-18 -1.61354e-17 7.51003e-18 -1.31354e-33
Plastic strain_mean 5.07786e-19 4.56009e-06 0 4.56009e-06 -5.07786e-19 0 0 0 0
Plastic strain_rate_mean 0 0 0 0 0 0 0 0 0
Dissipation 7.42701e-05
End step 12
Begin step 13
Stress -2.70174e-13 85.4841 6.34094e-12 85.4841 2.95887e-13 -3.38882e-12 6.34094e-12 -3.38882e-12 7.72059e-15
Strain 0 0.000433333 0 0.000433333 0 0 0 0 0
Strain mean 5.13565e-20 0.000433333 3.17047e-17 0.000433333 -8.11298e-33 -1.69441e-17 3.17047e-17 -1.69441e-17 6.54214e-33
Plastic strain_mean 1.44083e-18 5.9128e-06 0 5.9128e-06 -1.44083e-18 0 0 0 0
Plastic strain_rate_mean 0 0 0 0 0 0 0 0 0
Dissipation 0.000115631
End step 13
Begin step 14
Stress -9.25203e-14 91.6851 -1.11938e-12 91.6851 1.18175e-13 -1.01474e-12 -1.11938e-12 -1.01474e-12 7.70312e-15
Strain 0 0.000466667 0 0.000466667 0 0 0 0 0
Strain mean 5.12403e-20 0.000466667 -5.5969e-18 0.000466667 -2.93704e-33 -5.0737e-18 -5.5969e-18 -5.0737e-18 6.69261e-33
Plastic strain_mean 5.52358e-19 8.24092e-06 0 8.24092e-06 -5.52358e-19 0 0 0 0
Plastic strain_rate_mean 0 0 0 0 0 0 0 0 0
Dissipation 0.000213444
End step 14
Begin step 15
Stress 3.85195e-13 97.1281 -2.90689e-12 97.1281 -4.03869e-13 5.04646e-12 -2.90689e-12 5.04646e-12 -5.60703e-15
Strain 0 0.0005 0 0.0005 0 0 0 0 0
Strain mean -3.72973e-20 0.0005 -1.45344e-17 0.0005 5.64297e-32 2.52323e-17 -1.45344e-17 2.52323e-17 -3.20487e-33
Plastic strain_mean -1.99131e-18 1.43594e-05 0 1.43594e-05 1.99131e-18 0 0 0 0
Plastic strain_rate_mean 0 0 0 0 0 0 0 0 0
Dissipation 0.000594231
End step 15
Begin step 16
Stress -1.58459e-13 99.5488 -7.80756e-13 99.5488 2.03819e-13 5.61215e-12 -7.80756e-13 5.61215e-12 1.36202e-14
Strain 0 0.000533333 0 0.000533333 0 0 0 0 0
Strain mean 9.06e-20 0.000533333 -3.90378e-18 0.000533333 -1.9801e-33 2.80607e-17 -3.90378e-18 2.80607e-17 2.73241e-33
Plastic strain_mean 9.50996e-19 3.55894e-05 0 3.55894e-05 -9.50996e-19 0 0 0 0
Plastic strain_rate_mean 0 0 0 0 0 0 0 0 0
Dissipation 0.00211308
End step 16
Begin step 17
Stress -6.58582e-13 99.8933 2.17571e-13 99.8933 6.8588e-13 1.17333e-12 2.17571e-13 1.17333e-12 8.19657e-15
Strain 0 0.000566667 0 0.000566667 0 0 0 0 0
Strain mean 5.45227e-20 0.000566667 1.08785e-18 0.000566667 -1.47454e-34 5.86667e-18 1.08785e-18 5.86667e-18 -3.86691e-34
Plastic strain_mean 3.38842e-18 6.72002e-05 0 6.72002e-05 -3.38842e-18 0 0 0 0
Plastic strain_rate_mean 0 0 0 0 0 0 0 0 0
Dissipation 0.003157
End step 17
Begin step 18
Stress -9.85716e-14 99.945 5.93662e-13 99.945 6.74346e-14 1.70206e-12 5.93662e-13 1.70206e-12 -9.34942e-15
Strain 0 0.0006 0 0.0006 0 0 0 0 0
Strain mean -6.21913e-20 0.0006 2.96831e-18 0.0006 9.26854e-34 8.51032e-18 2.96831e-18 8.51032e-18 2.52778e-34
Plastic strain_mean 3.8392e-19 0.000100275 0 0.000100275 -3.8392e-19 0 0 0 0
Plastic strain_rate_mean 0 0 0 0 0 0 0 0 0
Dissipation 0.00330476
End step 18
Begin step 19
Stress 5.14234e-14 99.9695 2.17968e-12 99.9695 -2.31082e-15 -6.06377e-13 2.17968e-12 -6.06377e-13 1.47468e-14
Strain 0 0.000633333 0 0.000633333 0 0 0 0 0
Strain mean 9.80943e-20 0.000633333 1.08984e-17 0.000633333 1.58889e-33 -3.03188e-18 1.08984e-17 -3.03188e-18 -5.40464e-33
Plastic strain_mean -8.52883e-20 0.000133486 0 0.000133486 8.52883e-20 0 0 0 0
Plastic strain_rate_mean 0 0 0 0 0 0 0 0 0
Dissipation 0.00331893
End step 19
Begin step 20
Stress 2.70251e-13 99.9913 1.37456e-12 99.9913 -3.08761e-13 -9.91245e-13 1.37456e-12 -9.91245e-13 -1.15634e-14
Strain 0 0.000666667 0 0.000666667 0 0 0 0 0
Strain mean -7.69185e-20 0.000666667 6.87282e-18 0.000666667 3.61112e-33 -4.95622e-18 6.87282e-18 -4.95622e-18 -4.98936e-33
Plastic strain_mean -1.48599e-18 0.00016671 0 0.00016671 1.48599e-18 0 0 0 0
Plastic strain_rate_mean 0 0 0 0 0 0 0 0 0
Dissipation 0.00332087
End step 20
Begin step 21
Stress 3.98121e-13 100.013 1.04135e-12 100.013 -3.27659e-13 -7.71595e-13 1.04135e-12 -7.71595e-13 2.11574e-14
Strain 0 0.0007 0 0.0007 0 0 0 0 0
Strain mean 1.40736e-19 0.0007 5.20673e-18 0.0007 1.21574e-33 -3.85797e-18 5.20673e-18 -3.85797e-18 -3.31019e-33
Plastic strain_mean -1.74408e-18 0.000199937 0 0.000199937 1.74408e-18 0 0 0 0
Plastic strain_rate_mean 0 0 0 0 0 0 0 0 0
Dissipation 0.00332169
End step 21
Begin step 22
Stress 3.83979e-13 100.034 8.71336e-13 100.034 -3.27595e-13 -6.04242e-13 8.71336e-13 -6.04242e-13 1.69303e-14
Strain 0 0.000733333 0 0.000733333 0 0 0 0 0
Strain mean 1.12618e-19 0.000733333 4.35668e-18 0.000733333 -4.33334e-34 -3.02121e-18 4.35668e-18 -3.02121e-18 -1.64607e-33
Plastic strain_mean -1.72263e-18 0.000233165 0 0.000233165 1.72263e-18 0 0 0 0
Plastic strain_rate_mean 0 0 0 0 0 0 0 0 0
Dissipation 0.00332238
End step 22
Begin step 23
Stress 2.97474e-13 100.054 6.40988e-13 100.054 -2.75412e-13 -4.83564e-13 6.40988e-13 -4.83564e-13 6.62451e-15
Strain 0 0.000766667 0 0.000766667 0 0 0 0 0
Strain mean 4.40655e-20 0.000766667 3.20494e-18 0.000766667 1.86574e-34 -2.41782e-18 3.20494e-18 -2.41782e-18 -1.54074e-33
Plastic strain_mean -1.41018e-18 0.000266394 0 0.000266394 1.41018e-18 0 0 0 0
Plastic strain_rate_mean 0 0 0 0 0 0 0 0 0
Dissipation 0.00332303
End step 23
Begin step 24
Stress 2.12728e-13 100.075 5.2733e-13 100.075 -2.43996e-13 -3.97354e-13 5.2733e-13 -3.97354e-13 -9.38872e-15
Strain 0 0.0008 0 0.0008 0 0 0 0 0
Strain mean -6.24527e-20 0.0008 2.63665e-18 0.0008 4.57408e-34 -1.98677e-18 2.63665e-18 -1.98677e-18 -1.38125e-33
Plastic strain_mean -1.17304e-18 0.000299624 0 0.000299624 1.17304e-18 0 0 0 0
Plastic strain_rate_mean 0 0 0 0 0 0 0 0 0
Dissipation 0.00332365
End step 24
Begin step 25
Stress -9.49389e-13 100.096 -1.91307e-12 100.096 1.02016e-12 -5.08368e-13 -1.91307e-12 -5.08368e-13 2.12491e-14
Strain 0 0.000833333 0 0.000833333 0 0 0 0 0
Strain mean 1.41346e-19 0.000833333 -9.56534e-18 0.000833333 -1.03519e-33 -2.54184e-18 -9.56534e-18 -2.54184e-18 -6.14078e-35
Plastic strain_mean 4.99454e-18 0.000332854 0 0.000332854 -4.99454e-18 0 0 0 0
Plastic strain_rate_mean 0 0 0 0 0 0 0 0 0
Dissipation 0.00332427
End step 25
Begin step 26
Stress -9.32698e-13 100.116 -1.31622e-12 100.116 9.84036e-13 -4.16752e-13 -1.31622e-12 -4.16752e-13 1.5415e-14
Strain 0 0.000866667 0 0.000866667 0 0 0 0 0
Strain mean 1.02539e-19 0.000866667 -6.58109e-18 0.000866667 -1.48056e-33 -2.08376e-18 -6.58109e-18 -2.08376e-18 -4.25059e-35
Plastic strain_mean 4.8431e-18 0.000366085 0 0.000366085 -4.8431e-18 0 0 0 0
Plastic strain_rate_mean 0 0 0 0 0 0 0 0 0
Dissipation 0.00332487
End step 26
Begin step 27
Stress -8.7438e-13 100.137 -9.85838e-13 100.137 8.5146e-13 -3.37431e-13 -9.85838e-13 -3.37431e-13 -6.88215e-15
Strain 0 0.0009 0 0.0009 0 0 0 0 0
Strain mean -4.57793e-20 0.0009 -4.92919e-18 0.0009 4.21297e-34 -1.68715e-18 -4.92919e-18 -1.68715e-18 7.63601e-34
Plastic strain_mean 4.29171e-18 0.000399316 0 0.000399316 -4.29171e-18 0 0 0 0
Plastic strain_rate_mean 0 0 0 0 0 0 0 0 0
Dissipation 0.00332547
End step 27
Begin step 28
Stress -8.41942e-13 100.157 -6.90241e-13 100.157 7.93367e-13 -2.76361e-13 -6.90241e-13 -2.76361e-13 -1.45853e-14
Strain 0 0.000933333 0 0.000933333 0 0 0 0 0
Strain mean -9.70195e-20 0.000933333 -3.4512e-18 0.000933333 -1.44445e-33 -1.38181e-18 -3.4512e-18 -1.38181e-18 -9.0278e-36
Plastic strain_mean 4.03976e-18 0.000432547 0 0.000432547 -4.03976e-18 0 0 0 0
Plastic strain_rate_mean 0 0 0 0 0 0 0 0 0
Dissipation 0.00332606
End step 28
Begin step 29
Stress -7.92627e-13 100.178 -5.262e-13 100.178 6.62785e-13 -2.21424e-13 -5.262e-13 -2.21424e-13 -3.89872e-14
Strain 0 0.000966667 0 0.000966667 0 0 0 0 0
Strain mean -2.59338e-19 0.000966667 -2.631e-18 0.000966667 -8.30557e-34 -1.10712e-18 -2.631e-18 -1.10712e-18 -5.90568e-34
Plastic strain_mean 3.50886e-18 0.000465779 0 0.000465779 -3.50886e-18 0 0 0 0
Plastic strain_rate_mean 0 0 0 0 0 0 0 0 0
Dissipation 0.00332665
End step 29
Begin step 30
Stress -7.26838e-13 100.198 -4.05008e-13 100.198 6.24046e-13 -1.76512e-13 -4.05008e-13 -1.76512e-13 -3.08649e-14
Strain 0 0.001 0 0.001 0 0 0 0 0
Strain mean -2.0531e-19 0.001 -2.02504e-18 0.001 0 -8.82561e-19 -2.02504e-18 -8.82561e-19 -2.09144e-34
Plastic strain_mean 3.27456e-18 0.00049901 0 0.00049901 -3.27456e-18 0 0 0 0
Plastic strain_rate_mean 0 0 0 0 0 0 0 0 0
Dissipation 0.00332723
End step 30
