Begin step 0
Stress 0 0 0 0 0 0 0 0 0
Strain 0 0 0 0 0 0 0 0 0
Strain mean 0 0 0 0 0 0 0 0 0
Plastic strain_mean 0 0 0 0 0 0 0 0 0
Plastic strain_rate_mean 0 0 0 0 0 0 0 0 0
Dissipation 0
End step 0
Begin step 1
Stress -4.74684e-14 6.56126 3.42899e-12 6.56126 4.81301e-14 -7.88079e-12 3.42899e-12 -7.88079e-12 1.98692e-16
Strain 0 3.33333e-05 0 3.33333e-05 0 0 0 0 0
Strain mean 1.32167e-21 3.33333e-05 1.7145e-17 3.33333e-05 -5.29631e-34 -3.9404e-17 1.7145e-17 -3.9404e-17 -7.07554e-34
Plastic strain_mean 2.39657e-19 5.27027e-07 0 5.27027e-07 -2.39657e-19 0 0 0 0
Plastic strain_rate_mean 0 0 0 0 0 0 0 0 0
Dissipation 3.45787e-06
End step 1
Begin step 2
Stress -1.14783e-14 13.0188 3.88096e-13 13.0188 8.31147e-15 -2.62443e-12 3.88096e-13 -2.62443e-12 -9.50881e-16
Strain 0 6.66667e-05 0 6.66667e-05 0 0 0 0 0
Strain mean -6.32515e-21 6.66667e-05 1.94048e-18 6.66667e-05 2.50371e-33 -1.31221e-17 1.94048e-18 -1.31221e-17 -3.58667e-34
Plastic strain_mean 4.63117e-20 1.57273e-06 0 1.57273e-06 -4.63117e-20 0 0 0 0
Plastic strain_rate_mean 0 0 0 0 0 0 0 0 0
Dissipation 1.36132e-05
End step 2
Begin step 3
Stress -2.18633e-13 19.3742 2.81922e-12 19.3742 2.14016e-13 -6.36428e-12 2.81922e-12 -6.36428e-12 -1.38647e-15
Strain 0 0.0001 0 0.0001 0 0 0 0 0
Strain mean -9.22267e-21 0.0001 1.40961e-17 0.0001 -1.05926e-32 -3.18214e-17 1.40961e-17 -3.18214e-17 -5.4731e-33
Plastic strain_mean 1.07701e-18 3.12887e-06 0 3.12887e-06 -1.07701e-18 0 0 0 0
Plastic strain_rate_mean 0 0 0 0 0 0 0 0 0
Dissipation 3.01474e-05
End step 3
Begin step 4
Stress -4.04899e-13 25.6292 2.77211e-12 25.6292 4.10564e-13 -6.264e-12 2.77211e-12 -6.264e-12 1.70089e-15
Strain 0 0.000133333 0 0.000133333 0 0 0 0 0
Strain mean 1.13141e-20 0.000133333 1.38606e-17 0.000133333 1.50223e-32 -3.132e-17 1.38606e-17 -3.132e-17 -6.16298e-33
Plastic strain_mean 2.04431e-18 5.18737e-06 0 5.18737e-06 -2.04431e-18 0 0 0 0
Plastic strain_rate_mean 0 0 0 0 0 0 0 0 0
Dissipation 5.27538e-05
End step 4
Begin step 5
Stress -5.91256e-13 31.7853 2.72678e-12 31.7853 5.89656e-13 -6.16646e-12 2.72678e-12 -6.16646e-12 -4.80353e-16
Strain 0 0.000166667 0 0.000166667 0 0 0 0 0
Strain mean -3.19525e-21 0.000166667 1.36339e-17 0.000166667 -2.24371e-32 -3.08323e-17 1.36339e-17 -3.08323e-17 -5.74619e-33
Plastic strain_mean 2.95068e-18 7.74024e-06 0 7.74024e-06 -2.95068e-18 0 0 0 0
Plastic strain_rate_mean 0 0 0 0 0 0 0 0 0
Dissipation 8.11368e-05
End step 5
Begin step 6
Stress -7.53521e-13 37.8441 2.67085e-12 37.8441 7.62716e-13 -6.07012e-12 2.67085e-12 -6.07012e-12 2.76094e-15
Strain 0 0.0002 0 0.0002 0 0 0 0 0
Strain mean 1.83655e-20 0.0002 1.33542e-17 0.0002 -8.76298e-33 -3.03506e-17 1.33542e-17 -3.03506e-17 -4.99839e-33
Plastic strain_mean 3.79977e-18 1.07796e-05 0 1.07796e-05 -3.79977e-18 0 0 0 0
Plastic strain_rate_mean 0 0 0 0 0 0 0 0 0
Dissipation 0.000115012
End step 6
Begin step 7
Stress -6.63506e-13 43.8069 2.72419e-12 43.8069 6.60379e-13 -4.49263e-12 2.72419e-12 -4.49263e-12 -9.38872e-16
Strain 0 0.000233333 0 0.000233333 0 0 0 0 0
Strain mean -6.24527e-21 0.000233333 1.36209e-17 0.000233333 -4.81482e-35 -2.24632e-17 1.36209e-17 -2.24632e-17 -2.02862e-33
Plastic strain_mean 3.30659e-18 1.42988e-05 0 1.42988e-05 -3.30659e-18 0 0 0 0
Plastic strain_rate_mean 0 0 0 0 0 0 0 0 0
Dissipation 0.000154145
End step 7
Begin step 8
Stress -4.82282e-13 49.6731 1.0928e-12 49.6731 4.91997e-13 -2.75081e-12 1.0928e-12 -2.75081e-12 2.91705e-15
Strain 0 0.000266667 0 0.000266667 0 0 0 0 0
Strain mean 1.94039e-20 0.000266667 5.46401e-18 0.000266667 -5.07483e-32 -1.3754e-17 5.46401e-18 -1.3754e-17 -2.16667e-33
Plastic strain_mean 2.4454e-18 1.83013e-05 0 1.83013e-05 -2.4454e-18 0 0 0 0
Plastic strain_rate_mean 0 0 0 0 0 0 0 0 0
Dissipation 0.000198791
End step 8
Begin step 9
Stress -4.78294e-13 55.4315 2.47136e-12 55.4315 4.90801e-13 -6.12871e-12 2.47136e-12 -6.12871e-12 3.75549e-15
Strain 0 0.0003 0 0.0003 0 0 0 0 0
Strain mean 2.49811e-20 0.0003 1.23568e-17 0.0003 -8.82076e-32 -3.06435e-17 1.23568e-17 -3.06435e-17 -3.15371e-33
Plastic strain_mean 2.43523e-18 2.28427e-05 0 2.28427e-05 -2.43523e-18 0 0 0 0
Plastic strain_rate_mean 0 0 0 0 0 0 0 0 0
Dissipation 0.000251698
End step 9
Begin step 10
Stress -5.34072e-13 61.0561 6.08896e-13 61.0561 5.37911e-13 1.54962e-12 6.08896e-13 1.54962e-12 1.15285e-15
Strain 0 0.000333333 0 0.000333333 0 0 0 0 0
Strain mean 7.66861e-21 0.000333333 3.04448e-18 0.000333333 -2.60001e-32 7.74809e-18 3.04448e-18 7.74809e-18 7.71124e-34
Plastic strain_mean 2.68379e-18 2.80526e-05 0 2.80526e-05 -2.68379e-18 0 0 0 0
Plastic strain_rate_mean 0 0 0 0 0 0 0 0 0
Dissipation 0.000318037
End step 10
Begin step 11
Stress -4.13086e-13 66.5126 -7.34133e-13 66.5126 3.90486e-13 7.14069e-13 -7.34133e-13 7.14069e-13 -6.78608e-15
Strain 0 0.000366667 0 0.000366667 0 0 0 0 0
Strain mean -4.51402e-20 0.000366667 -3.67067e-18 0.000366667 -3.12964e-33 3.57034e-18 -3.67067e-18 3.57034e-18 3.00776e-33
Plastic strain_mean 1.98636e-18 3.41038e-05 0 3.41038e-05 -1.98636e-18 0 0 0 0
Plastic strain_rate_mean 0 0 0 0 0 0 0 0 0
Dissipation 0.000402393
End step 11
Begin step 12
Stress -2.10699e-13 71.7513 -1.55994e-12 71.7513 1.74923e-13 3.01901e-12 -1.55994e-12 3.01901e-12 -1.07424e-14
Strain 0 0.0004 0 0.0004 0 0 0 0 0
Strain mean -7.14575e-20 0.0004 -7.79971e-18 0.0004 -3.03334e-33 1.50951e-17 -7.79971e-18 1.50951e-17 9.9697e-33
Plastic strain_mean 9.28327e-19 4.12436e-05 0 4.12436e-05 -9.28327e-19 0 0 0 0
Plastic strain_rate_mean 0 0 0 0 0 0 0 0 0
Dissipation 0.000512165
End step 12
Begin step 13
Stress -2.21733e-13 76.7018 -1.75803e-12 76.7018 2.43766e-13 -6.51257e-13 -1.75803e-12 -6.51257e-13 6.61577e-15
Strain 0 0.000433333 0 0.000433333 0 0 0 0 0
Strain mean 4.40074e-20 0.000433333 -8.79014e-18 0.000433333 -7.55928e-33 -3.25629e-18 -8.79014e-18 -3.25629e-18 -2.19676e-33
Plastic strain_mean 1.18575e-18 4.98243e-05 0 4.98243e-05 -1.18575e-18 0 0 0 0
Plastic strain_rate_mean 0 0 0 0 0 0 0 0 0
Dissipation 0.000657961
End step 13
Begin step 14
Stress -1.47002e-12 81.2669 1.12247e-12 81.2669 1.47983e-12 -2.4685e-12 1.12247e-12 -2.4685e-12 2.94762e-15
Strain 0 0.000466667 0 0.000466667 0 0 0 0 0
Strain mean 1.96072e-20 0.000466667 5.61235e-18 0.000466667 -7.72779e-33 -1.23425e-17 5.61235e-18 -1.23425e-17 -3.2801e-33
Plastic strain_mean 7.38442e-18 6.03321e-05 0 6.03321e-05 -7.38442e-18 0 0 0 0
Plastic strain_rate_mean 0 0 0 0 0 0 0 0 0
Dissipation 0.000853654
End step 14
Begin step 15
Stress -1.23384e-12 85.3197 -1.41328e-12 85.3197 1.24978e-12 1.02615e-12 -1.41328e-12 1.02615e-12 4.78606e-15
Strain 0 0.0005 0 0.0005 0 0 0 0 0
Strain mean 3.18364e-20 0.0005 -7.0664e-18 0.0005 -2.20519e-32 5.13073e-18 -7.0664e-18 5.13073e-18 -1.02751e-32
Plastic strain_mean 6.22496e-18 7.34017e-05 0 7.34017e-05 -6.22496e-18 0 0 0 0
Plastic strain_rate_mean 0 0 0 0 0 0 0 0 0
Dissipation 0.00111464
End step 15
Begin step 16
Stress -2.78116e-12 88.7178 1.85464e-12 88.7178 2.73974e-12 -4.99807e-12 1.85464e-12 -4.99807e-12 -1.24368e-14
Strain 0 0.000533333 0 0.000533333 0 0 0 0 0
Strain mean -8.2728e-20 0.000533333 9.27319e-18 0.000533333 -5.15186e-33 -2.49904e-17 9.27319e-18 -2.49904e-17 -2.60903e-33
Plastic strain_mean 1.37609e-17 8.97443e-05 0 8.97443e-05 -1.37609e-17 0 0 0 0
Plastic strain_rate_mean 0 0 0 0 0 0 0 0 0
Dissipation 0.00144916
End step 16
Begin step 17
Stress -5.52687e-13 91.3515 -2.17159e-13 91.3515 5.3538e-13 -1.39171e-12 -2.17159e-13 -1.39171e-12 -5.19655e-15
Strain 0 0.000566667 0 0.000566667 0 0 0 0 0
Strain mean -3.45668e-20 0.000566667 -1.0858e-18 0.000566667 -2.0463e-34 -6.95854e-18 -1.0858e-18 -6.95854e-18 -1.54977e-33
Plastic strain_mean 2.70288e-18 0.000109909 0 0.000109909 -2.70288e-18 0 0 0 0
Plastic strain_rate_mean 0 0 0 0 0 0 0 0 0
Dissipation 0.00184099
End step 17
Begin step 18
Stress -4.23488e-13 93.2113 -1.4051e-13 93.2113 4.35355e-13 -3.62654e-12 -1.4051e-13 -3.62654e-12 3.56335e-15
Strain 0 0.0006 0 0.0006 0 0 0 0 0
Strain mean 2.3703e-20 0.0006 -7.02551e-19 0.0006 6.37964e-34 -1.81327e-17 -7.02551e-19 -1.81327e-17 -1.35793e-33
Plastic strain_mean 2.15896e-18 0.000133944 0 0.000133944 -2.15896e-18 0 0 0 0
Plastic strain_rate_mean 0 0 0 0 0 0 0 0 0
Dissipation 0.0022387
End step 18
Begin step 19
Stress -2.77371e-13 94.4104 -1.27952e-13 94.4104 2.61475e-13 8.8939e-14 -1.27952e-13 8.8939e-14 -4.77296e-15
Strain 0 0.000633333 0 0.000633333 0 0 0 0 0
Strain mean -3.17492e-20 0.000633333 -6.39762e-19 0.000633333 6.42779e-33 4.44695e-19 -6.39762e-19 4.44695e-19 4.56656e-34
Plastic strain_mean 1.33124e-18 0.000161281 0 0.000161281 -1.33124e-18 0 0 0 0
Plastic strain_rate_mean 0 0 0 0 0 0 0 0 0
Dissipation 0.00257887
End step 19
Begin step 20
Stress -5.47395e-14 95.13 -1.15219e-12 95.13 9.06613e-14 1.42868e-12 -1.15219e-12 1.42868e-12 1.07861e-14
Strain 0 0.000666667 0 0.000666667 0 0 0 0 0
Strain mean 7.1748e-20 0.000666667 -5.76095e-18 0.000666667 -9.97872e-33 7.14341e-18 -5.76095e-18 7.14341e-18 3.29665e-33
Plastic strain_mean 3.99376e-19 0.000191016 0 0.000191016 -3.99376e-19 0 0 0 0
Plastic strain_rate_mean 0 0 0 0 0 0 0 0 0
Dissipation 0.00282604
End step 20
Begin step 21
Stress -1.6634e-12 95.5446 -1.45646e-13 95.5446 1.77294e-12 1.10402e-12 -1.45646e-13 1.10402e-12 3.28911e-14
Strain 0 0.0007 0 0.0007 0 0 0 0 0
Strain mean 2.18788e-19 0.0007 -7.2823e-19 0.0007 4.27316e-33 5.52009e-18 -7.2823e-19 5.52009e-18 2.40741e-34
Plastic strain_mean 8.70022e-18 0.000222277 0 0.000222277 -8.70022e-18 0 0 0 0
Plastic strain_rate_mean 0 0 0 0 0 0 0 0 0
Dissipation 0.00298365
End step 21
Begin step 22
Stress -2.38195e-12 95.7811 -3.59322e-13 95.7811 2.39034e-12 1.62653e-12 -3.59322e-13 1.62653e-12 2.51967e-15
Strain 0 0.000733333 0 0.000733333 0 0 0 0 0
Strain mean 1.67606e-20 0.000733333 -1.79661e-18 0.000733333 4.99538e-34 8.13267e-18 -1.79661e-18 8.13267e-18 -1.47153e-33
Plastic strain_mean 1.19391e-17 0.000254428 0 0.000254428 -1.19391e-17 0 0 0 0
Plastic strain_rate_mean 0 0 0 0 0 0 0 0 0
Dissipation 0.00307582
End step 22
Begin step 23
Stress 7.34882e-13 95.9191 -1.35852e-12 95.9191 -7.28803e-13 1.42652e-12 -1.35852e-12 1.42652e-12 1.82534e-15
Strain 0 0.000766667 0 0.000766667 0 0 0 0 0
Strain mean 1.2142e-20 0.000766667 -6.79262e-18 0.000766667 3.61112e-34 7.1326e-18 -6.79262e-18 7.1326e-18 5.23311e-33
Plastic strain_mean -3.65314e-18 0.000287071 0 0.000287071 3.65314e-18 0 0 0 0
Plastic strain_rate_mean 0 0 0 0 0 0 0 0 0
Dissipation 0.0031271
End step 23
Begin step 24
Stress 9.13263e-13 96.0041 -8.43883e-13 96.0041 -9.61722e-13 4.05176e-13 -8.43883e-13 4.05176e-13 -1.45503e-14
Strain 0 0.0008 0 0.0008 0 0 0 0 0
Strain mean -9.67872e-20 0.0008 -4.21942e-18 0.0008 2.32315e-33 2.02588e-18 -4.21942e-18 2.02588e-18 3.29665e-33
Plastic strain_mean -4.73586e-18 0.000319979 0 0.000319979 4.73586e-18 0 0 0 0
Plastic strain_rate_mean 0 0 0 0 0 0 0 0 0
Dissipation 0.00315495
End step 24
Begin step 25
Stress 1.3711e-12 96.0609 -1.20652e-13 96.0609 -1.34901e-12 2.85542e-12 -1.20652e-13 2.85542e-12 6.63324e-15
Strain 0 0.000833333 0 0.000833333 0 0 0 0 0
Strain mean 4.41236e-20 0.000833333 -6.03258e-19 0.000833333 -2.64214e-33 1.42771e-17 -6.03258e-19 1.42771e-17 -3.55093e-34
Plastic strain_mean -6.77819e-18 0.000353029 0 0.000353029 6.77819e-18 0 0 0 0
Plastic strain_rate_mean 0 0 0 0 0 0 0 0 0
Dissipation 0.00317
End step 25
Begin step 26
Stress 4.67626e-13 96.1028 -2.04597e-12 96.1028 -4.2228e-13 9.69519e-13 -2.04597e-12 9.69519e-13 1.36158e-14
Strain 0 0.000866667 0 0.000866667 0 0 0 0 0
Strain mean 9.05709e-20 0.000866667 -1.02299e-17 0.000866667 -2.58797e-34 4.84759e-18 -1.02299e-17 4.84759e-18 1.5588e-33
Plastic strain_mean -2.17948e-18 0.000386153 0 0.000386153 2.17948e-18 0 0 0 0
Plastic strain_rate_mean 0 0 0 0 0 0 0 0 0
Dissipation 0.00317822
End step 26
Begin step 27
Stress -2.09789e-13 96.1367 -1.24011e-12 96.1367 8.11102e-14 3.76592e-13 -1.24011e-12 3.76592e-13 -3.86379e-14
Strain 0 0.0009 0 0.0009 0 0 0 0 0
Strain mean -2.57015e-19 0.0009 -6.20057e-18 0.0009 3.14167e-33 1.88296e-18 -6.20057e-18 1.88296e-18 7.3727e-34
Plastic strain_mean 5.9874e-19 0.000419316 0 0.000419316 -5.9874e-19 0 0 0 0
Plastic strain_rate_mean 0 0 0 0 0 0 0 0 0
Dissipation 0.00318285
End step 27
Begin step 28
Stress -2.93717e-13 96.1664 -7.11619e-13 96.1664 1.72906e-13 1.94419e-13 -7.11619e-13 1.94419e-13 -3.62754e-14
Strain 0 0.000933333 0 0.000933333 0 0 0 0 0
Strain mean -2.413e-19 0.000933333 -3.55809e-18 0.000933333 -2.66019e-33 9.72094e-19 -3.55809e-18 9.72094e-19 1.7875e-33
Plastic strain_mean 1.04591e-18 0.000452501 0 0.000452501 -1.04591e-18 0 0 0 0
Plastic strain_rate_mean 0 0 0 0 0 0 0 0 0
Dissipation 0.0031856
End step 28
Begin step 29
Stress -2.60869e-13 96.1936 1.97383e-12 96.1936 3.28858e-13 8.49242e-13 1.97383e-12 8.49242e-13 2.0415e-14
Strain 0 0.000966667 0 0.000966667 0 0 0 0 0
Strain mean 1.35798e-19 0.000966667 9.86914e-18 0.000966667 -3.15853e-32 4.24621e-18 9.86914e-18 4.24621e-18 -4.38149e-33
Plastic strain_mean 1.54222e-18 0.000485698 0 0.000485698 -1.54222e-18 0 0 0 0
Plastic strain_rate_mean 0 0 0 0 0 0 0 0 0
Dissipation 0.00318736
End step 29
Begin step 30
Stress 3.16391e-13 96.2195 1.41506e-12 96.2195 -2.57113e-13 4.20578e-13 1.41506e-12 4.20578e-13 1.77993e-14
Strain 0 0.001 0 0.001 0 0 0 0 0
Strain mean 1.18399e-19 0.001 7.07529e-18 0.001 4.98334e-33 2.10289e-18 7.07529e-18 2.10289e-18 -2.78658e-33
Plastic strain_mean -1.37456e-18 0.000518902 0 0.000518902 1.37456e-18 0 0 0 0
Plastic strain_rate_mean 0 0 0 0 0 0 0 0 0
Dissipation 0.0031886
End step 30
