Begin step 0
Stress 0 0 0 0 0 0 0 0 0
Strain 0 0 0 0 0 0 0 0 0
Strain mean 0 0 0 0 0 0 0 0 0
Plastic strain_mean 0 0 0 0 0 0 0 0 0
Plastic strain_rate_mean 0 0 0 0 0 0 0 0 0
Dissipation 0
End step 0
Begin step 1
Stress 2.06513e-13 6.26417 4.64463e-14 6.26417 -2.06979e-13 -1.56773e-12 4.64463e-14 -1.56773e-12 -1.39739e-16
Strain 0 3.33333e-05 0 3.33333e-05 0 0 0 0 0
Strain mean -9.29529e-22 3.33333e-05 2.32232e-19 3.33333e-05 -2.52538e-32 -7.83863e-18 2.32232e-19 -7.83863e-18 2.49468e-33
Plastic strain_mean -1.0342e-18 2.01246e-06 0 2.01246e-06 1.0342e-18 0 0 0 0
Plastic strain_rate_mean 0 0 0 0 0 0 0 0 0
Dissipation 1.2605e-05
End step 1
Begin step 2
Stress 3.55607e-13 12.1502 4.80152e-14 12.1502 -3.55643e-13 -1.36594e-12 4.80152e-14 -1.36594e-12 -1.09171e-17
Strain 0 6.66667e-05 0 6.66667e-05 0 0 0 0 0
Strain mean -7.26194e-23 6.66667e-05 2.40076e-19 6.66667e-05 2.57352e-32 -6.82968e-18 2.40076e-19 -6.82968e-18 1.43692e-33
Plastic strain_mean -1.77816e-18 5.91559e-06 0 5.91559e-06 1.77816e-18 0 0 0 0
Plastic strain_rate_mean 0 0 0 0 0 0 0 0 0
Dissipation 4.74157e-05
End step 2
Begin step 3
Stress 4.4982e-13 17.681 4.5331e-14 17.681 -4.62342e-13 -1.18707e-12 4.5331e-14 -1.18707e-12 -3.75986e-15
Strain 0 0.0001 0 0.0001 0 0 0 0 0
Strain mean -2.50101e-20 0.0001 2.26655e-19 0.0001 -4.99297e-32 -5.93536e-18 2.26655e-19 -5.93536e-18 1.62952e-33
Plastic strain_mean -2.29291e-18 1.15949e-05 0 1.15949e-05 2.29291e-18 0 0 0 0
Plastic strain_rate_mean 0 0 0 0 0 0 0 0 0
Dissipation 0.000100393
End step 3
Begin step 4
Stress 5.26777e-13 22.8781 4.90927e-14 22.8781 -5.26115e-13 -1.0315e-12 4.90927e-14 -1.0315e-12 1.98692e-16
Strain 0 0.000133333 0 0.000133333 0 0 0 0 0
Strain mean 1.32167e-21 0.000133333 2.45464e-19 0.000133333 -2.6626e-32 -5.1575e-18 2.45464e-19 -5.1575e-18 1.17963e-33
Plastic strain_mean -2.63157e-18 1.89429e-05 0 1.89429e-05 2.63157e-18 0 0 0 0
Plastic strain_rate_mean 0 0 0 0 0 0 0 0 0
Dissipation 0.000168058
End step 4
Begin step 5
Stress 5.54995e-13 27.7616 5.16524e-14 27.7616 -5.71622e-13 -8.96193e-13 5.16524e-14 -8.96193e-13 -4.9924e-15
Strain 0 0.000166667 0 0.000166667 0 0 0 0 0
Strain mean -3.32089e-20 0.000166667 2.58262e-19 0.000166667 4.81482e-35 -4.48097e-18 2.58262e-19 -4.48097e-18 8.89238e-34
Plastic strain_mean -2.83315e-18 2.78584e-05 0 2.78584e-05 2.83315e-18 0 0 0 0
Plastic strain_rate_mean 0 0 0 0 0 0 0 0 0
Dissipation 0.000247421
End step 5
Begin step 6
Stress 1.09727e-12 32.3507 4.12962e-12 32.3507 -1.08176e-12 -1.81602e-12 4.12962e-12 -1.81602e-12 4.65724e-15
Strain 0 0.0002 0 0.0002 0 0 0 0 0
Strain mean 3.09794e-20 0.0002 2.06481e-17 0.0002 2.78177e-32 -9.08012e-18 2.06481e-17 -9.08012e-18 3.96621e-33
Plastic strain_mean -5.43206e-18 3.82465e-05 0 3.82465e-05 5.43206e-18 0 0 0 0
Plastic strain_rate_mean 0 0 0 0 0 0 0 0 0
Dissipation 0.00033592
End step 6
Begin step 7
Stress 1.42877e-12 36.6631 3.65382e-12 36.6631 -1.4571e-12 -1.65272e-12 3.65382e-12 -1.65272e-12 -8.5088e-15
Strain 0 0.000233333 0 0.000233333 0 0 0 0 0
Strain mean -5.65996e-20 0.000233333 1.82691e-17 0.000233333 2.3713e-32 -8.26362e-18 1.82691e-17 -8.26362e-18 4.34538e-33
Plastic strain_mean -7.24297e-18 5.00178e-05 0 5.00178e-05 7.24297e-18 0 0 0 0
Plastic strain_rate_mean 0 0 0 0 0 0 0 0 0
Dissipation 0.000431366
End step 7
Begin step 8
Stress 1.69468e-12 40.7156 3.20692e-12 40.7156 -1.67946e-12 -1.49944e-12 3.20692e-12 -1.49944e-12 4.56772e-15
Strain 0 0.000266667 0 0.000266667 0 0 0 0 0
Strain mean 3.0384e-20 0.000266667 1.60346e-17 0.000266667 -1.2988e-32 -7.4972e-18 1.60346e-17 -7.4972e-18 2.88288e-33
Plastic strain_mean -8.42016e-18 6.30886e-05 0 6.30886e-05 8.42016e-18 0 0 0 0
Plastic strain_rate_mean 0 0 0 0 0 0 0 0 0
Dissipation 0.000531892
End step 8
Begin step 9
Stress 1.30186e-12 44.5232 5.07412e-13 44.5232 -1.33207e-12 2.08353e-12 5.07412e-13 2.08353e-12 -9.06994e-15
Strain 0 0.0003 0 0.0003 0 0 0 0 0
Strain mean -6.03322e-20 0.0003 2.53706e-18 0.0003 6.1389e-34 1.04176e-17 2.53706e-18 1.04176e-17 -1.8823e-33
Plastic strain_mean -6.61499e-18 7.73841e-05 0 7.73841e-05 6.61499e-18 0 0 0 0
Plastic strain_rate_mean 0 0 0 0 0 0 0 0 0
Dissipation 0.000636088
End step 9
Begin step 10
Stress 8.83812e-13 48.098 -4.4641e-13 48.098 -9.01496e-13 -1.07764e-12 -4.4641e-13 -1.07764e-12 -5.31009e-15
Strain 0 0.000333333 0 0.000333333 0 0 0 0 0
Strain mean -3.53221e-20 0.000333333 -2.23205e-18 0.000333333 -2.75986e-31 -5.38818e-18 -2.23205e-18 -5.38818e-18 -2.3051e-33
Plastic strain_mean -4.48093e-18 9.28435e-05 0 9.28435e-05 4.48093e-18 0 0 0 0
Plastic strain_rate_mean 0 0 0 0 0 0 0 0 0
Dissipation 0.000743057
End step 10
Begin step 11
Stress 4.63073e-13 51.448 -1.11765e-12 51.448 -4.7361e-13 -9.86724e-13 -1.11765e-12 -9.86724e-13 -3.16378e-15
Strain 0 0.000366667 0 0.000366667 0 0 0 0 0
Strain mean -2.10451e-20 0.000366667 -5.58823e-18 0.000366667 6.66372e-32 -4.93362e-18 -5.58823e-18 -4.93362e-18 -3.9963e-33
Plastic strain_mean -2.35223e-18 0.000109427 0 0.000109427 2.35223e-18 0 0 0 0
Plastic strain_rate_mean 0 0 0 0 0 0 0 0 0
Dissipation 0.000852511
End step 11
Begin step 12
Stress -1.58706e-13 54.5699 -4.13905e-12 54.5699 1.13782e-13 9.51531e-13 -4.13905e-12 9.51531e-13 -1.34892e-14
Strain 0 0.0004 0 0.0004 0 0 0 0 0
Strain mean -8.97286e-20 0.0004 -2.06953e-17 0.0004 -1.42037e-32 4.75765e-18 -2.06953e-17 4.75765e-18 -2.08867e-33
Plastic strain_mean 6.36356e-19 0.000127151 0 0.000127151 -6.36356e-19 0 0 0 0
Plastic strain_rate_mean 0 0 0 0 0 0 0 0 0
Dissipation 0.000966361
End step 12
Begin step 13
Stress -4.95741e-13 57.4588 2.64274e-12 57.4588 4.53798e-13 -4.07263e-12 2.64274e-12 -4.07263e-12 -1.2594e-14
Strain 0 0.000433333 0 0.000433333 0 0 0 0 0
Strain mean -8.37738e-20 0.000433333 1.32137e-17 0.000433333 8.70144e-32 -2.03631e-17 1.32137e-17 -2.03631e-17 -1.17662e-33
Plastic strain_mean 2.33196e-18 0.000146039 0 0.000146039 -2.33196e-18 0 0 0 0
Plastic strain_rate_mean 0 0 0 0 0 0 0 0 0
Dissipation 0.00108429
End step 13
Begin step 14
Stress -6.09676e-13 60.1127 1.65081e-12 60.1127 6.836e-13 -4.87722e-12 1.65081e-12 -4.87722e-12 2.21967e-14
Strain 0 0.000466667 0 0.000466667 0 0 0 0 0
Strain mean 1.4765e-19 0.000466667 8.25406e-18 0.000466667 -1.78004e-31 -2.43861e-17 8.25406e-18 -2.43861e-17 -9.56946e-34
Plastic strain_mean 3.30702e-18 0.000166103 0 0.000166103 -3.30702e-18 0 0 0 0
Plastic strain_rate_mean 0 0 0 0 0 0 0 0 0
Dissipation 0.00120481
End step 14
Begin step 15
Stress 9.87446e-14 62.5327 1.31333e-12 62.5327 -1.30856e-13 3.07215e-12 1.31333e-12 3.07215e-12 -9.642e-15
Strain 0 0.0005 0 0.0005 0 0 0 0 0
Strain mean -6.41375e-20 0.0005 6.56667e-18 0.0005 -3.74593e-32 1.53607e-17 6.56667e-18 1.53607e-17 2.8588e-35
Plastic strain_mean -6.06071e-19 0.000187336 0 0.000187336 6.06071e-19 0 0 0 0
Plastic strain_rate_mean 0 0 0 0 0 0 0 0 0
Dissipation 0.00132624
End step 15
Begin step 16
Stress 6.80122e-13 64.723 1.94443e-12 64.723 -6.41917e-13 2.727e-12 1.94443e-12 2.727e-12 1.14717e-14
Strain 0 0.000533333 0 0.000533333 0 0 0 0 0
Strain mean 7.63085e-20 0.000533333 9.72215e-18 0.000533333 -3.32704e-32 1.3635e-17 9.72215e-18 1.3635e-17 4.14338e-34
Plastic strain_mean -3.26694e-18 0.000209718 0 0.000209718 3.26694e-18 0 0 0 0
Plastic strain_rate_mean 0 0 0 0 0 0 0 0 0
Dissipation 0.0014468
End step 16
Begin step 17
Stress -4.11401e-13 66.6908 -9.0132e-13 66.6908 4.29246e-13 8.85395e-13 -9.0132e-13 8.85395e-13 5.35812e-15
Strain 0 0.000566667 0 0.000566667 0 0 0 0 0
Strain mean 3.56416e-20 0.000566667 -4.5066e-18 0.000566667 -5.72964e-32 4.42698e-18 -4.5066e-18 4.42698e-18 -1.09387e-33
Plastic strain_mean 2.11944e-18 0.000233212 0 0.000233212 -2.11944e-18 0 0 0 0
Plastic strain_rate_mean 0 0 0 0 0 0 0 0 0
Dissipation 0.00156471
End step 17
Begin step 18
Stress -1.23781e-12 68.4461 -8.77747e-13 68.4461 1.25579e-12 -9.13407e-13 -8.77747e-13 -9.13407e-13 5.39742e-15
Strain 0 0.0006 0 0.0006 0 0 0 0 0
Strain mean 3.5903e-20 0.0006 -4.38874e-18 0.0006 -2.40549e-31 -4.56704e-18 -4.38874e-18 -4.56704e-18 -3.81424e-34
Plastic strain_mean 6.25195e-18 0.00025777 0 0.00025777 -6.25195e-18 0 0 0 0
Plastic strain_rate_mean 0 0 0 0 0 0 0 0 0
Dissipation 0.00167836
End step 18
Begin step 19
Stress -2.1148e-12 70.0005 -1.05475e-12 70.0005 2.0825e-12 4.1153e-12 -1.05475e-12 4.1153e-12 -9.69877e-15
Strain 0 0.000633333 0 0.000633333 0 0 0 0 0
Strain mean -6.45151e-20 0.000633333 -5.27374e-18 0.000633333 -3.36797e-32 2.05765e-17 -5.27374e-18 2.05765e-17 1.6566e-33
Plastic strain_mean 1.0461e-17 0.000283331 0 0.000283331 -1.0461e-17 0 0 0 0
Plastic strain_rate_mean 0 0 0 0 0 0 0 0 0
Dissipation 0.00178646
End step 19
Begin step 20
Stress -2.35203e-12 71.3676 -9.64704e-13 71.3676 2.35645e-12 2.59109e-12 -9.64704e-13 2.59109e-12 1.32752e-15
Strain 0 0.000666667 0 0.000666667 0 0 0 0 0
Strain mean 8.83052e-21 0.000666667 -4.82352e-18 0.000666667 2.45556e-33 1.29554e-17 -4.82352e-18 1.29554e-17 7.82409e-35
Plastic strain_mean 1.17756e-17 0.000309828 0 0.000309828 -1.17756e-17 0 0 0 0
Plastic strain_rate_mean 0 0 0 0 0 0 0 0 0
Dissipation 0.00188783
End step 20
Begin step 21
Stress -1.23672e-12 72.5626 2.40474e-13 72.5626 1.15999e-12 -8.72647e-13 2.40474e-13 -8.72647e-13 -2.30395e-14
Strain 0 0.0007 0 0.0007 0 0 0 0 0
Strain mean -1.53256e-19 0.0007 1.20237e-18 0.0007 1.72611e-32 -4.36323e-18 1.20237e-18 -4.36323e-18 2.82006e-33
Plastic strain_mean 5.91514e-18 0.000337187 0 0.000337187 -5.91514e-18 0 0 0 0
Plastic strain_rate_mean 0 0 0 0 0 0 0 0 0
Dissipation 0.00198158
End step 21
Begin step 22
Stress -2.65041e-13 73.601 3.30843e-13 73.601 2.76152e-13 -8.39625e-13 3.30843e-13 -8.39625e-13 3.33627e-15
Strain 0 0.000733333 0 0.000733333 0 0 0 0 0
Strain mean 2.21925e-20 0.000733333 1.65421e-18 0.000733333 -1.68519e-34 -4.19813e-18 1.65421e-18 -4.19813e-18 2.41569e-33
Plastic strain_mean 1.36408e-18 0.000365328 0 0.000365328 -1.36408e-18 0 0 0 0
Plastic strain_rate_mean 0 0 0 0 0 0 0 0 0
Dissipation 0.00206717
End step 22
Begin step 23
Stress 3.75747e-13 74.499 3.18148e-13 74.499 -3.70278e-13 -7.76868e-13 3.18148e-13 -7.76868e-13 1.64193e-15
Strain 0 0.000766667 0 0.000766667 0 0 0 0 0
Strain mean 1.0922e-20 0.000766667 1.59074e-18 0.000766667 1.21093e-32 -3.88434e-18 1.59074e-18 -3.88434e-18 2.13037e-33
Plastic strain_mean -1.8596e-18 0.000394172 0 0.000394172 1.8596e-18 0 0 0 0
Plastic strain_rate_mean 0 0 0 0 0 0 0 0 0
Dissipation 0.00214437
End step 23
Begin step 24
Stress 2.18712e-13 75.272 -1.68973e-12 75.272 -2.26856e-13 -5.55139e-12 -1.68973e-12 -5.55139e-12 -2.44543e-15
Strain 0 0.0008 0 0.0008 0 0 0 0 0
Strain mean -1.62668e-20 0.0008 -8.44866e-18 0.0008 -2.03186e-32 -2.77569e-17 -8.44866e-18 -2.77569e-17 -7.83011e-33
Plastic strain_mean -1.12205e-18 0.00042364 0 0.00042364 1.12205e-18 0 0 0 0
Plastic strain_rate_mean 0 0 0 0 0 0 0 0 0
Dissipation 0.00221325
End step 24
Begin step 25
Stress 5.32696e-14 75.9351 -1.38514e-12 75.9351 -1.92536e-13 -6.40559e-12 -1.38514e-12 -6.40559e-12 -4.18169e-14
Strain 0 0.000833333 0 0.000833333 0 0 0 0 0
Strain mean -2.78161e-19 0.000833333 -6.9257e-18 0.000833333 4.14075e-33 -3.2028e-17 -6.9257e-18 -3.2028e-17 -6.42779e-33
Plastic strain_mean -7.53594e-19 0.000453658 0 0.000453658 7.53594e-19 0 0 0 0
Plastic strain_rate_mean 0 0 0 0 0 0 0 0 0
Dissipation 0.0022741
End step 25
Begin step 26
Stress 1.66922e-13 76.5022 -9.92181e-13 76.5022 -1.22463e-13 -6.74355e-12 -9.92181e-13 -6.74355e-12 1.33495e-14
Strain 0 0.000866667 0 0.000866667 0 0 0 0 0
Strain mean 8.8799e-20 0.000866667 -4.9609e-18 0.000866667 -1.19408e-32 -3.37178e-17 -4.9609e-18 -3.37178e-17 -5.1639e-33
Plastic strain_mean -6.79064e-19 0.000484156 0 0.000484156 6.79064e-19 0 0 0 0
Plastic strain_rate_mean 0 0 0 0 0 0 0 0 0
Dissipation 0.0023274
End step 26
Begin step 27
Stress 2.75117e-13 76.9862 -6.31578e-13 76.9862 -1.71278e-13 -6.25292e-12 -6.31578e-13 -6.25292e-12 3.11793e-14
Strain 0 0.0009 0 0.0009 0 0 0 0 0
Strain mean 2.07401e-19 0.0009 -3.15789e-18 0.0009 6.05464e-33 -3.12646e-17 -3.15789e-18 -3.12646e-17 -3.8639e-33
Plastic strain_mean -1.01229e-18 0.000515069 0 0.000515069 1.01229e-18 0 0 0 0
Plastic strain_rate_mean 0 0 0 0 0 0 0 0 0
Dissipation 0.00237374
End step 27
Begin step 28
Stress 3.30634e-13 77.3986 -3.16721e-13 77.3986 -3.33819e-13 -4.93347e-12 -3.16721e-13 -4.93347e-12 -9.5634e-16
Strain 0 0.000933333 0 0.000933333 0 0 0 0 0
Strain mean -6.36146e-21 0.000933333 -1.58361e-18 0.000933333 7.62548e-33 -2.46674e-17 -1.58361e-18 -2.46674e-17 -2.62709e-33
Plastic strain_mean -1.66431e-18 0.00054634 0 0.00054634 1.66431e-18 0 0 0 0
Plastic strain_rate_mean 0 0 0 0 0 0 0 0 0
Dissipation 0.00241376
End step 28
Begin step 29
Stress -1.68749e-13 77.7497 -1.20672e-13 77.7497 2.03289e-13 3.43333e-12 -1.20672e-13 3.43333e-12 1.03713e-14
Strain 0 0.000966667 0 0.000966667 0 0 0 0 0
Strain mean 6.89885e-20 0.000966667 -6.03362e-19 0.000966667 -1.99815e-33 1.71666e-17 -6.03362e-19 1.71666e-17 2.12153e-33
Plastic strain_mean 9.6459e-19 0.000577918 0 0.000577918 -9.6459e-19 0 0 0 0
Plastic strain_rate_mean 0 0 0 0 0 0 0 0 0
Dissipation 0.00244813
End step 29
Begin step 30
Stress -4.22184e-13 78.0487 -1.47378e-12 78.0487 3.26941e-13 -4.1613e-12 -1.47378e-12 -4.1613e-12 -2.85985e-14
Strain 0 0.001 0 0.001 0 0 0 0 0
Strain mean -1.90234e-19 0.001 -7.36889e-18 0.001 -3.41853e-33 -2.08065e-17 -7.36889e-18 -2.08065e-17 2.81667e-33
Plastic strain_mean 1.7777e-18 0.000609756 0 0.000609756 -1.7777e-18 0 0 0 0
Plastic strain_rate_mean 0 0 0 0 0 0 0 0 0
Dissipation 0.00247752
End step 30
Begin step 0
Stress 0 0 0 0 0 0 0 0 0
Strain 0 0 0 0 0 0 0 0 0
Strain mean 0 0 0 0 0 0 0 0 0
Plastic strain_mean 0 0 0 0 0 0 0 0 0
Plastic strain_rate_mean 0 0 0 0 0 0 0 0 0
Dissipation 0
End step 0
Begin step 1
Stress 2.06513e-13 6.26417 4.64463e-14 6.26417 -2.06979e-13 -1.56773e-12 4.64463e-14 -1.56773e-12 -1.39739e-16
Strain 0 3.33333e-05 0 3.33333e-05 0 0 0 0 0
Strain mean -9.29529e-22 3.33333e-05 2.32232e-19 3.33333e-05 -2.52538e-32 -7.83863e-18 2.32232e-19 -7.83863e-18 2.49468e-33
Plastic strain_mean -1.0342e-18 2.01246e-06 0 2.01246e-06 1.0342e-18 0 0 0 0
Plastic strain_rate_mean 0 0 0 0 0 0 0 0 0
Dissipation 1.2605e-05
End step 1
Begin step 2
Stress 3.55607e-13 12.1502 4.80152e-14 12.1502 -3.55643e-13 -1.36594e-12 4.80152e-14 -1.36594e-12 -1.09171e-17
Strain 0 6.66667e-05 0 6.66667e-05 0 0 0 0 0
Strain mean -7.26194e-23 6.66667e-05 2.40076e-19 6.66667e-05 2.57352e-32 -6.82968e-18 2.40076e-19 -6.82968e-18 1.43692e-33
Plastic strain_mean -1.77816e-18 5.91559e-06 0 5.91559e-06 1.77816e-18 0 0 0 0
Plastic strain_rate_mean 0 0 0 0 0 0 0 0 0
Dissipation 4.74157e-05
End step 2
Begin step 3
Stress 4.4982e-13 17.681 4.5331e-14 17.681 -4.62342e-13 -1.18707e-12 4.5331e-14 -1.18707e-12 -3.75986e-15
Strain 0 0.0001 0 0.0001 0 0 0 0 0
Strain mean -2.50101e-20 0.0001 2.26655e-19 0.0001 -4.99297e-32 -5.93536e-18 2.26655e-19 -5.93536e-18 1.62952e-33
Plastic strain_mean -2.29291e-18 1.15949e-05 0 1.15949e-05 2.29291e-18 0 0 0 0
Plastic strain_rate_mean 0 0 0 0 0 0 0 0 0
Dissipation 0.000100393
End step 3
Begin step 4
Stress 5.26777e-13 22.8781 4.90927e-14 22.8781 -5.26115e-13 -1.0315e-12 4.90927e-14 -1.0315e-12 1.98692e-16
Strain 0 0.000133333 0 0.000133333 0 0 0 0 0
Strain mean 1.32167e-21 0.000133333 2.45464e-19 0.000133333 -2.6626e-32 -5.1575e-18 2.45464e-19 -5.1575e-18 1.17963e-33
Plastic strain_mean -2.63157e-18 1.89429e-05 0 1.89429e-05 2.63157e-18 0 0 0 0
Plastic strain_rate_mean 0 0 0 0 0 0 0 0 0
Dissipation 0.000168058
End step 4
Begin step 5
Stress 5.54995e-13 27.7616 5.16524e-14 27.7616 -5.71622e-13 -8.96193e-13 5.16524e-14 -8.96193e-13 -4.9924e-15
Strain 0 0.000166667 0 0.000166667 0 0 0 0 0
Strain mean -3.32089e-20 0.000166667 2.58262e-19 0.000166667 4.81482e-35 -4.48097e-18 2.58262e-19 -4.48097e-18 8.89238e-34
Plastic strain_mean -2.83315e-18 2.78584e-05 0 2.78584e-05 2.83315e-18 0 0 0 0
Plastic strain_rate_mean 0 0 0 0 0 0 0 0 0
Dissipation 0.000247421
End step 5
Begin step 6
Stress 1.09727e-12 32.3507 4.12962e-12 32.3507 -1.08176e-12 -1.81602e-12 4.12962e-12 -1.81602e-12 4.65724e-15
Strain 0 0.0002 0 0.0002 0 0 0 0 0
Strain mean 3.09794e-20 0.0002 2.06481e-17 0.0002 2.78177e-32 -9.08012e-18 2.06481e-17 -9.08012e-18 3.96621e-33
Plastic strain_mean -5.43206e-18 3.82465e-05 0 3.82465e-05 5.43206e-18 0 0 0 0
Plastic strain_rate_mean 0 0 0 0 0 0 0 0 0
Dissipation 0.00033592
End step 6
Begin step 7
Stress 1.42877e-12 36.6631 3.65382e-12 36.6631 -1.4571e-12 -1.65272e-12 3.65382e-12 -1.65272e-12 -8.5088e-15
Strain 0 0.000233333 0 0.000233333 0 0 0 0 0
Strain mean -5.65996e-20 0.000233333 1.82691e-17 0.000233333 2.3713e-32 -8.26362e-18 1.82691e-17 -8.26362e-18 4.34538e-33
Plastic strain_mean -7.24297e-18 5.00178e-05 0 5.00178e-05 7.24297e-18 0 0 0 0
Plastic strain_rate_mean 0 0 0 0 0 0 0 0 0
Dissipation 0.000431366
End step 7
Begin step 8
Stress 1.69468e-12 40.7156 3.20692e-12 40.7156 -1.67946e-12 -1.49944e-12 3.20692e-12 -1.49944e-12 4.56772e-15
Strain 0 0.000266667 0 0.000266667 0 0 0 0 0
Strain mean 3.0384e-20 0.000266667 1.60346e-17 0.000266667 -1.2988e-32 -7.4972e-18 1.60346e-17 -7.4972e-18 2.88288e-33
Plastic strain_mean -8.42016e-18 6.30886e-05 0 6.30886e-05 8.42016e-18 0 0 0 0
Plastic strain_rate_mean 0 0 0 0 0 0 0 0 0
Dissipation 0.000531892
End step 8
Begin step 9
Stress 1.30186e-12 44.5232 5.07412e-13 44.5232 -1.33207e-12 2.08353e-12 5.07412e-13 2.08353e-12 -9.06994e-15
Strain 0 0.0003 0 0.0003 0 0 0 0 0
Strain mean -6.03322e-20 0.0003 2.53706e-18 0.0003 6.1389e-34 1.04176e-17 2.53706e-18 1.04176e-17 -1.8823e-33
Plastic strain_mean -6.61499e-18 7.73841e-05 0 7.73841e-05 6.61499e-18 0 0 0 0
Plastic strain_rate_mean 0 0 0 0 0 0 0 0 0
Dissipation 0.000636088
End step 9
Begin step 10
Stress 8.83812e-13 48.098 -4.4641e-13 48.098 -9.01496e-13 -1.07764e-12 -4.4641e-13 -1.07764e-12 -5.31009e-15
Strain 0 0.000333333 0 0.000333333 0 0 0 0 0
Strain mean -3.53221e-20 0.000333333 -2.23205e-18 0.000333333 -2.75986e-31 -5.38818e-18 -2.23205e-18 -5.38818e-18 -2.3051e-33
Plastic strain_mean -4.48093e-18 9.28435e-05 0 9.28435e-05 4.48093e-18 0 0 0 0
Plastic strain_rate_mean 0 0 0 0 0 0 0 0 0
Dissipation 0.000743057
End step 10
Begin step 11
Stress 4.63073e-13 51.448 -1.11765e-12 51.448 -4.7361e-13 -9.86724e-13 -1.11765e-12 -9.86724e-13 -3.16378e-15
Strain 0 0.000366667 0 0.000366667 0 0 0 0 0
Strain mean -2.10451e-20 0.000366667 -5.58823e-18 0.000366667 6.66372e-32 -4.93362e-18 -5.58823e-18 -4.93362e-18 -3.9963e-33
Plastic strain_mean -2.35223e-18 0.000109427 0 0.000109427 2.35223e-18 0 0 0 0
Plastic strain_rate_mean 0 0 0 0 0 0 0 0 0
Dissipation 0.000852511
End step 11
Begin step 12
Stress -1.58706e-13 54.5699 -4.13905e-12 54.5699 1.13782e-13 9.51531e-13 -4.13905e-12 9.51531e-13 -1.34892e-14
Strain 0 0.0004 0 0.0004 0 0 0 0 0
Strain mean -8.97286e-20 0.0004 -2.06953e-17 0.0004 -1.42037e-32 4.75765e-18 -2.06953e-17 4.75765e-18 -2.08867e-33
Plastic strain_mean 6.36356e-19 0.000127151 0 0.000127151 -6.36356e-19 0 0 0 0
Plastic strain_rate_mean 0 0 0 0 0 0 0 0 0
Dissipation 0.000966361
End step 12
Begin step 13
Stress -4.95741e-13 57.4588 2.64274e-12 57.4588 4.53798e-13 -4.07263e-12 2.64274e-12 -4.07263e-12 -1.2594e-14
Strain 0 0.000433333 0 0.000433333 0 0 0 0 0
Strain mean -8.37738e-20 0.000433333 1.32137e-17 0.000433333 8.70144e-32 -2.03631e-17 1.32137e-17 -2.03631e-17 -1.17662e-33
Plastic strain_mean 2.33196e-18 0.000146039 0 0.000146039 -2.33196e-18 0 0 0 0
Plastic strain_rate_mean 0 0 0 0 0 0 0 0 0
Dissipation 0.00108429
End step 13
Begin step 14
Stress -6.09676e-13 60.1127 1.65081e-12 60.1127 6.836e-13 -4.87722e-12 1.65081e-12 -4.87722e-12 2.21967e-14
Strain 0 0.000466667 0 0.000466667 0 0 0 0 0
Strain mean 1.4765e-19 0.000466667 8.25406e-18 0.000466667 -1.78004e-31 -2.43861e-17 8.25406e-18 -2.43861e-17 -9.56946e-34
Plastic strain_mean 3.30702e-18 0.000166103 0 0.000166103 -3.30702e-18 0 0 0 0
Plastic strain_rate_mean 0 0 0 0 0 0 0 0 0
Dissipation 0.00120481
End step 14
Begin step 15
Stress 9.87446e-14 62.5327 1.31333e-12 62.5327 -1.30856e-13 3.07215e-12 1.31333e-12 3.07215e-12 -9.642e-15
Strain 0 0.0005 0 0.0005 0 0 0 0 0
Strain mean -6.41375e-20 0.0005 6.56667e-18 0.0005 -3.74593e-32 1.53607e-17 6.56667e-18 1.53607e-17 2.8588e-35
Plastic strain_mean -6.06071e-19 0.000187336 0 0.000187336 6.06071e-19 0 0 0 0
Plastic strain_rate_mean 0 0 0 0 0 0 0 0 0
Dissipation 0.00132624
End step 15
Begin step 16
Stress 6.80122e-13 64.723 1.94443e-12 64.723 -6.41917e-13 2.727e-12 1.94443e-12 2.727e-12 1.14717e-14
Strain 0 0.000533333 0 0.000533333 0 0 0 0 0
Strain mean 7.63085e-20 0.000533333 9.72215e-18 0.000533333 -3.32704e-32 1.3635e-17 9.72215e-18 1.3635e-17 4.14338e-34
Plastic strain_mean -3.26694e-18 0.000209718 0 0.000209718 3.26694e-18 0 0 0 0
Plastic strain_rate_mean 0 0 0 0 0 0 0 0 0
Dissipation 0.0014468
End step 16
Begin step 17
Stress -4.11401e-13 66.6908 -9.0132e-13 66.6908 4.29246e-13 8.85395e-13 -9.0132e-13 8.85395e-13 5.35812e-15
Strain 0 0.000566667 0 0.000566667 0 0 0 0 0
Strain mean 3.56416e-20 0.000566667 -4.5066e-18 0.000566667 -5.72964e-32 4.42698e-18 -4.5066e-18 4.42698e-18 -1.09387e-33
Plastic strain_mean 2.11944e-18 0.000233212 0 0.000233212 -2.11944e-18 0 0 0 0
Plastic strain_rate_mean 0 0 0 0 0 0 0 0 0
Dissipation 0.00156471
End step 17
Begin step 18
Stress -1.23781e-12 68.4461 -8.77747e-13 68.4461 1.25579e-12 -9.13407e-13 -8.77747e-13 -9.13407e-13 5.39742e-15
Strain 0 0.0006 0 0.0006 0 0 0 0 0
Strain mean 3.5903e-20 0.0006 -4.38874e-18 0.0006 -2.40549e-31 -4.56704e-18 -4.38874e-18 -4.56704e-18 -3.81424e-34
Plastic strain_mean 6.25195e-18 0.00025777 0 0.00025777 -6.25195e-18 0 0 0 0
Plastic strain_rate_mean 0 0 0 0 0 0 0 0 0
Dissipation 0.00167836
End step 18
Begin step 19
Stress -2.1148e-12 70.0005 -1.05475e-12 70.0005 2.0825e-12 4.1153e-12 -1.05475e-12 4.1153e-12 -9.69877e-15
Strain 0 0.000633333 0 0.000633333 0 0 0 0 0
Strain mean -6.45151e-20 0.000633333 -5.27374e-18 0.000633333 -3.36797e-32 2.05765e-17 -5.27374e-18 2.05765e-17 1.6566e-33
Plastic strain_mean 1.0461e-17 0.000283331 0 0.000283331 -1.0461e-17 0 0 0 0
Plastic strain_rate_mean 0 0 0 0 0 0 0 0 0
Dissipation 0.00178646
End step 19
Begin step 20
Stress -2.35203e-12 71.3676 -9.64704e-13 71.3676 2.35645e-12 2.59109e-12 -9.64704e-13 2.59109e-12 1.32752e-15
Strain 0 0.000666667 0 0.000666667 0 0 0 0 0
Strain mean 8.83052e-21 0.000666667 -4.82352e-18 0.000666667 2.45556e-33 1.29554e-17 -4.82352e-18 1.29554e-17 7.82409e-35
Plastic strain_mean 1.17756e-17 0.000309828 0 0.000309828 -1.17756e-17 0 0 0 0
Plastic strain_rate_mean 0 0 0 0 0 0 0 0 0
Dissipation 0.00188783
End step 20
Begin step 21
Stress -1.23672e-12 72.5626 2.40474e-13 72.5626 1.15999e-12 -8.72647e-13 2.40474e-13 -8.72647e-13 -2.30395e-14
Strain 0 0.0007 0 0.0007 0 0 0 0 0
Strain mean -1.53256e-19 0.0007 1.20237e-18 0.0007 1.72611e-32 -4.36323e-18 1.20237e-18 -4.36323e-18 2.82006e-33
Plastic strain_mean 5.91514e-18 0.000337187 0 0.000337187 -5.91514e-18 0 0 0 0
Plastic strain_rate_mean 0 0 0 0 0 0 0 0 0
Dissipation 0.00198158
End step 21
Begin step 22
Stress -2.65041e-13 73.601 3.30843e-13 73.601 2.76152e-13 -8.39625e-13 3.30843e-13 -8.39625e-13 3.33627e-15
Strain 0 0.000733333 0 0.000733333 0 0 0 0 0
Strain mean 2.21925e-20 0.000733333 1.65421e-18 0.000733333 -1.68519e-34 -4.19813e-18 1.65421e-18 -4.19813e-18 2.41569e-33
Plastic strain_mean 1.36408e-18 0.000365328 0 0.000365328 -1.36408e-18 0 0 0 0
Plastic strain_rate_mean 0 0 0 0 0 0 0 0 0
Dissipation 0.00206717
End step 22
Begin step 23
Stress 3.75747e-13 74.499 3.18148e-13 74.499 -3.70278e-13 -7.76868e-13 3.18148e-13 -7.76868e-13 1.64193e-15
Strain 0 0.000766667 0 0.000766667 0 0 0 0 0
Strain mean 1.0922e-20 0.000766667 1.59074e-18 0.000766667 1.21093e-32 -3.88434e-18 1.59074e-18 -3.88434e-18 2.13037e-33
Plastic strain_mean -1.8596e-18 0.000394172 0 0.000394172 1.8596e-18 0 0 0 0
Plastic strain_rate_mean 0 0 0 0 0 0 0 0 0
Dissipation 0.00214437
End step 23
Begin step 24
Stress 2.18712e-13 75.272 -1.68973e-12 75.272 -2.26856e-13 -5.55139e-12 -1.68973e-12 -5.55139e-12 -2.44543e-15
Strain 0 0.0008 0 0.0008 0 0 0 0 0
Strain mean -1.62668e-20 0.0008 -8.44866e-18 0.0008 -2.03186e-32 -2.77569e-17 -8.44866e-18 -2.77569e-17 -7.83011e-33
Plastic strain_mean -1.12205e-18 0.00042364 0 0.00042364 1.12205e-18 0 0 0 0
Plastic strain_rate_mean 0 0 0 0 0 0 0 0 0
Dissipation 0.00221325
End step 24
Begin step 25
Stress 5.32696e-14 75.9351 -1.38514e-12 75.9351 -1.92536e-13 -6.40559e-12 -1.38514e-12 -6.40559e-12 -4.18169e-14
Strain 0 0.000833333 0 0.000833333 0 0 0 0 0
Strain mean -2.78161e-19 0.000833333 -6.9257e-18 0.000833333 4.14075e-33 -3.2028e-17 -6.9257e-18 -3.2028e-17 -6.42779e-33
Plastic strain_mean -7.53594e-19 0.000453658 0 0.000453658 7.53594e-19 0 0 0 0
Plastic strain_rate_mean 0 0 0 0 0 0 0 0 0
Dissipation 0.0022741
End step 25
Begin step 26
Stress 1.66922e-13 76.5022 -9.92181e-13 76.5022 -1.22463e-13 -6.74355e-12 -9.92181e-13 -6.74355e-12 1.33495e-14
Strain 0 0.000866667 0 0.000866667 0 0 0 0 0
Strain mean 8.8799e-20 0.000866667 -4.9609e-18 0.000866667 -1.19408e-32 -3.37178e-17 -4.9609e-18 -3.37178e-17 -5.1639e-33
Plastic strain_mean -6.79064e-19 0.000484156 0 0.000484156 6.79064e-19 0 0 0 0
Plastic strain_rate_mean 0 0 0 0 0 0 0 0 0
Dissipation 0.0023274
End step 26
Begin step 27
Stress 2.75117e-13 76.9862 -6.31578e-13 76.9862 -1.71278e-13 -6.25292e-12 -6.31578e-13 -6.25292e-12 3.11793e-14
Strain 0 0.0009 0 0.0009 0 0 0 0 0
Strain mean 2.07401e-19 0.0009 -3.15789e-18 0.0009 6.05464e-33 -3.12646e-17 -3.15789e-18 -3.12646e-17 -3.8639e-33
Plastic strain_mean -1.01229e-18 0.000515069 0 0.000515069 1.01229e-18 0 0 0 0
Plastic strain_rate_mean 0 0 0 0 0 0 0 0 0
Dissipation 0.00237374
End step 27
Begin step 28
Stress 3.30634e-13 77.3986 -3.16721e-13 77.3986 -3.33819e-13 -4.93347e-12 -3.16721e-13 -4.93347e-12 -9.5634e-16
Strain 0 0.000933333 0 0.000933333 0 0 0 0 0
Strain mean -6.36146e-21 0.000933333 -1.58361e-18 0.000933333 7.62548e-33 -2.46674e-17 -1.58361e-18 -2.46674e-17 -2.62709e-33
Plastic strain_mean -1.66431e-18 0.00054634 0 0.00054634 1.66431e-18 0 0 0 0
Plastic strain_rate_mean 0 0 0 0 0 0 0 0 0
Dissipation 0.00241376
End step 28
Begin step 29
Stress -1.68749e-13 77.7497 -1.20672e-13 77.7497 2.03289e-13 3.43333e-12 -1.20672e-13 3.43333e-12 1.03713e-14
Strain 0 0.000966667 0 0.000966667 0 0 0 0 0
Strain mean 6.89885e-20 0.000966667 -6.03362e-19 0.000966667 -1.99815e-33 1.71666e-17 -6.03362e-19 1.71666e-17 2.12153e-33
Plastic strain_mean 9.6459e-19 0.000577918 0 0.000577918 -9.6459e-19 0 0 0 0
Plastic strain_rate_mean 0 0 0 0 0 0 0 0 0
Dissipation 0.00244813
End step 29
Begin step 30
Stress -4.22184e-13 78.0487 -1.47378e-12 78.0487 3.26941e-13 -4.1613e-12 -1.47378e-12 -4.1613e-12 -2.85985e-14
Strain 0 0.001 0 0.001 0 0 0 0 0
Strain mean -1.90234e-19 0.001 -7.36889e-18 0.001 -3.41853e-33 -2.08065e-17 -7.36889e-18 -2.08065e-17 2.81667e-33
Plastic strain_mean 1.7777e-18 0.000609756 0 0.000609756 -1.7777e-18 0 0 0 0
Plastic strain_rate_mean 0 0 0 0 0 0 0 0 0
Dissipation 0.00247752
End step 30
Begin step 0
Stress 0 0 0 0 0 0 0 0 0
Strain 0 0 0 0 0 0 0 0 0
Strain mean 0 0 0 0 0 0 0 0 0
Plastic strain_mean 0 0 0 0 0 0 0 0 0
Plastic strain_rate_mean 0 0 0 0 0 0 0 0 0
Dissipation 0
End step 0
Begin step 1
Stress 2.06513e-13 6.26417 4.64463e-14 6.26417 -2.06979e-13 -1.56773e-12 4.64463e-14 -1.56773e-12 -1.39739e-16
Strain 0 3.33333e-05 0 3.33333e-05 0 0 0 0 0
Strain mean -9.29529e-22 3.33333e-05 2.32232e-19 3.33333e-05 -2.52538e-32 -7.83863e-18 2.32232e-19 -7.83863e-18 2.49468e-33
Plastic strain_mean -1.0342e-18 2.01246e-06 0 2.01246e-06 1.0342e-18 0 0 0 0
Plastic strain_rate_mean 0 0 0 0 0 0 0 0 0
Dissipation 1.2605e-05
End step 1
Begin step 2
Stress 3.55607e-13 12.1502 4.80152e-14 12.1502 -3.55643e-13 -1.36594e-12 4.80152e-14 -1.36594e-12 -1.09171e-17
Strain 0 6.66667e-05 0 6.66667e-05 0 0 0 0 0
Strain mean -7.26194e-23 6.66667e-05 2.40076e-19 6.66667e-05 2.57352e-32 -6.82968e-18 2.40076e-19 -6.82968e-18 1.43692e-33
Plastic strain_mean -1.77816e-18 5.91559e-06 0 5.91559e-06 1.77816e-18 0 0 0 0
Plastic strain_rate_mean 0 0 0 0 0 0 0 0 0
Dissipation 4.74157e-05
End step 2
Begin step 3
Stress 4.4982e-13 17.681 4.5331e-14 17.681 -4.62342e-13 -1.18707e-12 4.5331e-14 -1.18707e-12 -3.75986e-15
Strain 0 0.0001 0 0.0001 0 0 0 0 0
Strain mean -2.50101e-20 0.0001 2.26655e-19 0.0001 -4.99297e-32 -5.93536e-18 2.26655e-19 -5.93536e-18 1.62952e-33
Plastic strain_mean -2.29291e-18 1.15949e-05 0 1.15949e-05 2.29291e-18 0 0 0 0
Plastic strain_rate_mean 0 0 0 0 0 0 0 0 0
Dissipation 0.000100393
End step 3
Begin step 4
Stress 5.26777e-13 22.8781 4.90927e-14 22.8781 -5.26115e-13 -1.0315e-12 4.90927e-14 -1.0315e-12 1.98692e-16
Strain 0 0.000133333 0 0.000133333 0 0 0 0 0
Strain mean 1.32167e-21 0.000133333 2.45464e-19 0.000133333 -2.6626e-32 -5.1575e-18 2.45464e-19 -5.1575e-18 1.17963e-33
Plastic strain_mean -2.63157e-18 1.89429e-05 0 1.89429e-05 2.63157e-18 0 0 0 0
Plastic strain_rate_mean 0 0 0 0 0 0 0 0 0
Dissipation 0.000168058
End step 4
Begin step 5
Stress 5.54995e-13 27.7616 5.16524e-14 27.7616 -5.71622e-13 -8.96193e-13 5.16524e-14 -8.96193e-13 -4.9924e-15
Strain 0 0.000166667 0 0.000166667 0 0 0 0 0
Strain mean -3.32089e-20 0.000166667 2.58262e-19 0.000166667 4.81482e-35 -4.48097e-18 2.58262e-19 -4.48097e-18 8.89238e-34
Plastic strain_mean -2.83315e-18 2.78584e-05 0 2.78584e-05 2.83315e-18 0 0 0 0
Plastic strain_rate_mean 0 0 0 0 0 0 0 0 0
Dissipation 0.000247421
End step 5
Begin step 6
Stress 1.09727e-12 32.3507 4.12962e-12 32.3507 -1.08176e-12 -1.81602e-12 4.12962e-12 -1.81602e-12 4.65724e-15
Strain 0 0.0002 0 0.0002 0 0 0 0 0
Strain mean 3.09794e-20 0.0002 2.06481e-17 0.0002 2.78177e-32 -9.08012e-18 2.06481e-17 -9.08012e-18 3.96621e-33
Plastic strain_mean -5.43206e-18 3.82465e-05 0 3.82465e-05 5.43206e-18 0 0 0 0
Plastic strain_rate_mean 0 0 0 0 0 0 0 0 0
Dissipation 0.00033592
End step 6
Begin step 7
Stress 1.42877e-12 36.6631 3.65382e-12 36.6631 -1.4571e-12 -1.65272e-12 3.65382e-12 -1.65272e-12 -8.5088e-15
Strain 0 0.000233333 0 0.000233333 0 0 0 0 0
Strain mean -5.65996e-20 0.000233333 1.82691e-17 0.000233333 2.3713e-32 -8.26362e-18 1.82691e-17 -8.26362e-18 4.34538e-33
Plastic strain_mean -7.24297e-18 5.00178e-05 0 5.00178e-05 7.24297e-18 0 0 0 0
Plastic strain_rate_mean 0 0 0 0 0 0 0 0 0
Dissipation 0.000431366
End step 7
Begin step 8
Stress 1.69468e-12 40.7156 3.20692e-12 40.7156 -1.67946e-12 -1.49944e-12 3.20692e-12 -1.49944e-12 4.56772e-15
Strain 0 0.000266667 0 0.000266667 0 0 0 0 0
Strain mean 3.0384e-20 0.000266667 1.60346e-17 0.000266667 -1.2988e-32 -7.4972e-18 1.60346e-17 -7.4972e-18 2.88288e-33
Plastic strain_mean -8.42016e-18 6.30886e-05 0 6.30886e-05 8.42016e-18 0 0 0 0
Plastic strain_rate_mean 0 0 0 0 0 0 0 0 0
Dissipation 0.000531892
End step 8
Begin step 9
Stress 1.30186e-12 44.5232 5.07412e-13 44.5232 -1.33207e-12 2.08353e-12 5.07412e-13 2.08353e-12 -9.06994e-15
Strain 0 0.0003 0 0.0003 0 0 0 0 0
Strain mean -6.03322e-20 0.0003 2.53706e-18 0.0003 6.1389e-34 1.04176e-17 2.53706e-18 1.04176e-17 -1.8823e-33
Plastic strain_mean -6.61499e-18 7.73841e-05 0 7.73841e-05 6.61499e-18 0 0 0 0
Plastic strain_rate_mean 0 0 0 0 0 0 0 0 0
Dissipation 0.000636088
End step 9
Begin step 10
Stress 8.83812e-13 48.098 -4.4641e-13 48.098 -9.01496e-13 -1.07764e-12 -4.4641e-13 -1.07764e-12 -5.31009e-15
Strain 0 0.000333333 0 0.000333333 0 0 0 0 0
Strain mean -3.53221e-20 0.000333333 -2.23205e-18 0.000333333 -2.75986e-31 -5.38818e-18 -2.23205e-18 -5.38818e-18 -2.3051e-33
Plastic strain_mean -4.48093e-18 9.28435e-05 0 9.28435e-05 4.48093e-18 0 0 0 0
Plastic strain_rate_mean 0 0 0 0 0 0 0 0 0
Dissipation 0.000743057
End step 10
Begin step 11
Stress 4.63073e-13 51.448 -1.11765e-12 51.448 -4.7361e-13 -9.86724e-13 -1.11765e-12 -9.86724e-13 -3.16378e-15
Strain 0 0.000366667 0 0.000366667 0 0 0 0 0
Strain mean -2.10451e-20 0.000366667 -5.58823e-18 0.000366667 6.66372e-32 -4.93362e-18 -5.58823e-18 -4.93362e-18 -3.9963e-33
Plastic strain_mean -2.35223e-18 0.000109427 0 0.000109427 2.35223e-18 0 0 0 0
Plastic strain_rate_mean 0 0 0 0 0 0 0 0 0
Dissipation 0.000852511
End step 11
Begin step 12
Stress -1.58706e-13 54.5699 -4.13905e-12 54.5699 1.13782e-13 9.51531e-13 -4.13905e-12 9.51531e-13 -1.34892e-14
Strain 0 0.0004 0 0.0004 0 0 0 0 0
Strain mean -8.97286e-20 0.0004 -2.06953e-17 0.0004 -1.42037e-32 4.75765e-18 -2.06953e-17 4.75765e-18 -2.08867e-33
Plastic strain_mean 6.36356e-19 0.000127151 0 0.000127151 -6.36356e-19 0 0 0 0
Plastic strain_rate_mean 0 0 0 0 0 0 0 0 0
Dissipation 0.000966361
End step 12
Begin step 13
Stress -4.95741e-13 57.4588 2.64274e-12 57.4588 4.53798e-13 -4.07263e-12 2.64274e-12 -4.07263e-12 -1.2594e-14
Strain 0 0.000433333 0 0.000433333 0 0 0 0 0
Strain mean -8.37738e-20 0.000433333 1.32137e-17 0.000433333 8.70144e-32 -2.03631e-17 1.32137e-17 -2.03631e-17 -1.17662e-33
Plastic strain_mean 2.33196e-18 0.000146039 0 0.000146039 -2.33196e-18 0 0 0 0
Plastic strain_rate_mean 0 0 0 0 0 0 0 0 0
Dissipation 0.00108429
End step 13
Begin step 14
Stress -6.09676e-13 60.1127 1.65081e-12 60.1127 6.836e-13 -4.87722e-12 1.65081e-12 -4.87722e-12 2.21967e-14
Strain 0 0.000466667 0 0.000466667 0 0 0 0 0
Strain mean 1.4765e-19 0.000466667 8.25406e-18 0.000466667 -1.78004e-31 -2.43861e-17 8.25406e-18 -2.43861e-17 -9.56946e-34
Plastic strain_mean 3.30702e-18 0.000166103 0 0.000166103 -3.30702e-18 0 0 0 0
Plastic strain_rate_mean 0 0 0 0 0 0 0 0 0
Dissipation 0.00120481
End step 14
Begin step 15
Stress 9.87446e-14 62.5327 1.31333e-12 62.5327 -1.30856e-13 3.07215e-12 1.31333e-12 3.07215e-12 -9.642e-15
Strain 0 0.0005 0 0.0005 0 0 0 0 0
Strain mean -6.41375e-20 0.0005 6.56667e-18 0.0005 -3.74593e-32 1.53607e-17 6.56667e-18 1.53607e-17 2.8588e-35
Plastic strain_mean -6.06071e-19 0.000187336 0 0.000187336 6.06071e-19 0 0 0 0
Plastic strain_rate_mean 0 0 0 0 0 0 0 0 0
Dissipation 0.00132624
End step 15
Begin step 16
Stress 6.80122e-13 64.723 1.94443e-12 64.723 -6.41917e-13 2.727e-12 1.94443e-12 2.727e-12 1.14717e-14
Strain 0 0.000533333 0 0.000533333 0 0 0 0 0
Strain mean 7.63085e-20 0.000533333 9.72215e-18 0.000533333 -3.32704e-32 1.3635e-17 9.72215e-18 1.3635e-17 4.14338e-34
Plastic strain_mean -3.26694e-18 0.000209718 0 0.000209718 3.26694e-18 0 0 0 0
Plastic strain_rate_mean 0 0 0 0 0 0 0 0 0
Dissipation 0.0014468
End step 16
Begin step 17
Stress -4.11401e-13 66.6908 -9.0132e-13 66.6908 4.29246e-13 8.85395e-13 -9.0132e-13 8.85395e-13 5.35812e-15
Strain 0 0.000566667 0 0.000566667 0 0 0 0 0
Strain mean 3.56416e-20 0.000566667 -4.5066e-18 0.000566667 -5.72964e-32 4.42698e-18 -4.5066e-18 4.42698e-18 -1.09387e-33
Plastic strain_mean 2.11944e-18 0.000233212 0 0.000233212 -2.11944e-18 0 0 0 0
Plastic strain_rate_mean 0 0 0 0 0 0 0 0 0
Dissipation 0.00156471
End step 17
Begin step 18
Stress -1.23781e-12 68.4461 -8.77747e-13 68.4461 1.25579e-12 -9.13407e-13 -8.77747e-13 -9.13407e-13 5.39742e-15
Strain 0 0.0006 0 0.0006 0 0 0 0 0
Strain mean 3.5903e-20 0.0006 -4.38874e-18 0.0006 -2.40549e-31 -4.56704e-18 -4.38874e-18 -4.56704e-18 -3.81424e-34
Plastic strain_mean 6.25195e-18 0.00025777 0 0.00025777 -6.25195e-18 0 0 0 0
Plastic strain_rate_mean 0 0 0 0 0 0 0 0 0
Dissipation 0.00167836
End step 18
Begin step 19
Stress -2.1148e-12 70.0005 -1.05475e-12 70.0005 2.0825e-12 4.1153e-12 -1.05475e-12 4.1153e-12 -9.69877e-15
Strain 0 0.000633333 0 0.000633333 0 0 0 0 0
Strain mean -6.45151e-20 0.000633333 -5.27374e-18 0.000633333 -3.36797e-32 2.05765e-17 -5.27374e-18 2.05765e-17 1.6566e-33
Plastic strain_mean 1.0461e-17 0.000283331 0 0.000283331 -1.0461e-17 0 0 0 0
Plastic strain_rate_mean 0 0 0 0 0 0 0 0 0
Dissipation 0.00178646
End step 19
Begin step 20
Stress -2.35203e-12 71.3676 -9.64704e-13 71.3676 2.35645e-12 2.59109e-12 -9.64704e-13 2.59109e-12 1.32752e-15
Strain 0 0.000666667 0 0.000666667 0 0 0 0 0
Strain mean 8.83052e-21 0.000666667 -4.82352e-18 0.000666667 2.45556e-33 1.29554e-17 -4.82352e-18 1.29554e-17 7.82409e-35
Plastic strain_mean 1.17756e-17 0.000309828 0 0.000309828 -1.17756e-17 0 0 0 0
Plastic strain_rate_mean 0 0 0 0 0 0 0 0 0
Dissipation 0.00188783
End step 20
Begin step 21
Stress -1.23672e-12 72.5626 2.40474e-13 72.5626 1.15999e-12 -8.72647e-13 2.40474e-13 -8.72647e-13 -2.30395e-14
Strain 0 0.0007 0 0.0007 0 0 0 0 0
Strain mean -1.53256e-19 0.0007 1.20237e-18 0.0007 1.72611e-32 -4.36323e-18 1.20237e-18 -4.36323e-18 2.82006e-33
Plastic strain_mean 5.91514e-18 0.000337187 0 0.000337187 -5.91514e-18 0 0 0 0
Plastic strain_rate_mean 0 0 0 0 0 0 0 0 0
Dissipation 0.00198158
End step 21
Begin step 22
Stress -2.65041e-13 73.601 3.30843e-13 73.601 2.76152e-13 -8.39625e-13 3.30843e-13 -8.39625e-13 3.33627e-15
Strain 0 0.000733333 0 0.000733333 0 0 0 0 0
Strain mean 2.21925e-20 0.000733333 1.65421e-18 0.000733333 -1.68519e-34 -4.19813e-18 1.65421e-18 -4.19813e-18 2.41569e-33
Plastic strain_mean 1.36408e-18 0.000365328 0 0.000365328 -1.36408e-18 0 0 0 0
Plastic strain_rate_mean 0 0 0 0 0 0 0 0 0
Dissipation 0.00206717
End step 22
Begin step 23
Stress 3.75747e-13 74.499 3.18148e-13 74.499 -3.70278e-13 -7.76868e-13 3.18148e-13 -7.76868e-13 1.64193e-15
Strain 0 0.000766667 0 0.000766667 0 0 0 0 0
Strain mean 1.0922e-20 0.000766667 1.59074e-18 0.000766667 1.21093e-32 -3.88434e-18 1.59074e-18 -3.88434e-18 2.13037e-33
Plastic strain_mean -1.8596e-18 0.000394172 0 0.000394172 1.8596e-18 0 0 0 0
Plastic strain_rate_mean 0 0 0 0 0 0 0 0 0
Dissipation 0.00214437
End step 23
Begin step 24
Stress 2.18712e-13 75.272 -1.68973e-12 75.272 -2.26856e-13 -5.55139e-12 -1.68973e-12 -5.55139e-12 -2.44543e-15
Strain 0 0.0008 0 0.0008 0 0 0 0 0
Strain mean -1.62668e-20 0.0008 -8.44866e-18 0.0008 -2.03186e-32 -2.77569e-17 -8.44866e-18 -2.77569e-17 -7.83011e-33
Plastic strain_mean -1.12205e-18 0.00042364 0 0.00042364 1.12205e-18 0 0 0 0
Plastic strain_rate_mean 0 0 0 0 0 0 0 0 0
Dissipation 0.00221325
End step 24
Begin step 25
Stress 5.32696e-14 75.9351 -1.38514e-12 75.9351 -1.92536e-13 -6.40559e-12 -1.38514e-12 -6.40559e-12 -4.18169e-14
Strain 0 0.000833333 0 0.000833333 0 0 0 0 0
Strain mean -2.78161e-19 0.000833333 -6.9257e-18 0.000833333 4.14075e-33 -3.2028e-17 -6.9257e-18 -3.2028e-17 -6.42779e-33
Plastic strain_mean -7.53594e-19 0.000453658 0 0.000453658 7.53594e-19 0 0 0 0
Plastic strain_rate_mean 0 0 0 0 0 0 0 0 0
Dissipation 0.0022741
End step 25
Begin step 26
Stress 1.66922e-13 76.5022 -9.92181e-13 76.5022 -1.22463e-13 -6.74355e-12 -9.92181e-13 -6.74355e-12 1.33495e-14
Strain 0 0.000866667 0 0.000866667 0 0 0 0 0
Strain mean 8.8799e-20 0.000866667 -4.9609e-18 0.000866667 -1.19408e-32 -3.37178e-17 -4.9609e-18 -3.37178e-17 -5.1639e-33
Plastic strain_mean -6.79064e-19 0.000484156 0 0.000484156 6.79064e-19 0 0 0 0
Plastic strain_rate_mean 0 0 0 0 0 0 0 0 0
Dissipation 0.0023274
End step 26
Begin step 27
Stress 2.75117e-13 76.9862 -6.31578e-13 76.9862 -1.71278e-13 -6.25292e-12 -6.31578e-13 -6.25292e-12 3.11793e-14
Strain 0 0.0009 0 0.0009 0 0 0 0 0
Strain mean 2.07401e-19 0.0009 -3.15789e-18 0.0009 6.05464e-33 -3.12646e-17 -3.15789e-18 -3.12646e-17 -3.8639e-33
Plastic strain_mean -1.01229e-18 0.000515069 0 0.000515069 1.01229e-18 0 0 0 0
Plastic strain_rate_mean 0 0 0 0 0 0 0 0 0
Dissipation 0.00237374
End step 27
Begin step 28
Stress 3.30634e-13 77.3986 -3.16721e-13 77.3986 -3.33819e-13 -4.93347e-12 -3.16721e-13 -4.93347e-12 -9.5634e-16
Strain 0 0.000933333 0 0.000933333 0 0 0 0 0
Strain mean -6.36146e-21 0.000933333 -1.58361e-18 0.000933333 7.62548e-33 -2.46674e-17 -1.58361e-18 -2.46674e-17 -2.62709e-33
Plastic strain_mean -1.66431e-18 0.00054634 0 0.00054634 1.66431e-18 0 0 0 0
Plastic strain_rate_mean 0 0 0 0 0 0 0 0 0
Dissipation 0.00241376
End step 28
Begin step 29
Stress -1.68749e-13 77.7497 -1.20672e-13 77.7497 2.03289e-13 3.43333e-12 -1.20672e-13 3.43333e-12 1.03713e-14
Strain 0 0.000966667 0 0.000966667 0 0 0 0 0
Strain mean 6.89885e-20 0.000966667 -6.03362e-19 0.000966667 -1.99815e-33 1.71666e-17 -6.03362e-19 1.71666e-17 2.12153e-33
Plastic strain_mean 9.6459e-19 0.000577918 0 0.000577918 -9.6459e-19 0 0 0 0
Plastic strain_rate_mean 0 0 0 0 0 0 0 0 0
Dissipation 0.00244813
End step 29
Begin step 30
Stress -4.22184e-13 78.0487 -1.47378e-12 78.0487 3.26941e-13 -4.1613e-12 -1.47378e-12 -4.1613e-12 -2.85985e-14
Strain 0 0.001 0 0.001 0 0 0 0 0
