Begin step 0
Stress 0 0 0 0 0 0 0 0 0
Strain 0 0 0 0 0 0 0 0 0
Strain mean 0 0 0 0 0 0 0 0 0
Plastic strain_mean 0 0 0 0 0 0 0 0 0
Plastic strain_rate_mean 0 0 0 0 0 0 0 0 0
Dissipation 0
End step 0
Begin step 1
Stress -7.63233e-16 6.6641 -3.64622e-13 6.6641 1.12136e-15 1.89585e-12 -3.64622e-13 1.89585e-12 1.07534e-16
Strain 0 3.33333e-05 0 3.33333e-05 0 0 0 0 0
Strain mean 7.15301e-22 3.33333e-05 -1.82311e-18 3.33333e-05 -6.74075e-34 9.47923e-18 -1.82311e-18 9.47923e-18 1.50087e-33
Plastic strain_mean 5.06913e-21 1.28472e-08 0 1.28472e-08 -5.06913e-21 0 0 0 0
Plastic strain_rate_mean 0 0 0 0 0 0 0 0 0
Dissipation 8.56152e-08
End step 1
Begin step 2
Stress 1.86035e-14 13.3256 3.11435e-12 13.3256 -2.19411e-14 2.06184e-12 3.11435e-12 2.06184e-12 -1.00219e-15
Strain 0 6.66667e-05 0 6.66667e-05 0 0 0 0 0
Strain mean -6.66646e-21 6.66667e-05 1.55718e-17 6.66667e-05 3.08149e-32 1.03092e-17 1.55718e-17 1.03092e-17 4.95626e-33
Plastic strain_mean -1.04695e-19 3.85368e-08 0 3.85368e-08 1.04695e-19 0 0 0 0
Plastic strain_rate_mean 0 0 0 0 0 0 0 0 0
Dissipation 3.42329e-07
End step 2
Begin step 3
Stress 4.65752e-14 19.9846 3.03632e-12 19.9846 -4.03835e-14 2.00357e-12 3.03632e-12 2.00357e-12 1.85919e-15
Strain 0 0.0001 0 0.0001 0 0 0 0 0
Strain mean 1.23671e-20 0.0001 1.51816e-17 0.0001 -1.13413e-31 1.00179e-17 1.51816e-17 1.00179e-17 4.5801e-33
Plastic strain_mean -2.11213e-19 7.70636e-08 0 7.70636e-08 2.11213e-19 0 0 0 0
Plastic strain_rate_mean 0 0 0 0 0 0 0 0 0
Dissipation 7.69942e-07
End step 3
Begin step 4
Stress 6.92072e-14 26.641 3.07631e-12 26.641 -6.15356e-14 2.0341e-12 3.07631e-12 2.0341e-12 2.30351e-15
Strain 0 0.000133333 0 0.000133333 0 0 0 0 0
Strain mean 1.53227e-20 0.000133333 1.53815e-17 0.000133333 5.29631e-32 1.01705e-17 1.53815e-17 1.01705e-17 5.10371e-33
Plastic strain_mean -3.19195e-19 1.28423e-07 0 1.28423e-07 3.19195e-19 0 0 0 0
Plastic strain_rate_mean 0 0 0 0 0 0 0 0 0
Dissipation 1.36826e-06
End step 4
Begin step 5
Stress 9.30502e-14 33.2948 3.0687e-12 33.2948 -8.20846e-14 2.02604e-12 3.0687e-12 2.02604e-12 3.2926e-15
Strain 0 0.000166667 0 0.000166667 0 0 0 0 0
Strain mean 2.1902e-20 0.000166667 1.53435e-17 0.000166667 7.46298e-32 1.01302e-17 1.53435e-17 1.01302e-17 4.69144e-33
Plastic strain_mean -4.26886e-19 1.92609e-07 0 1.92609e-07 4.26886e-19 0 0 0 0
Plastic strain_rate_mean 0 0 0 0 0 0 0 0 0
Dissipation 2.13708e-06
End step 5
Begin step 6
Stress 1.00659e-13 39.9461 3.07119e-12 39.9461 -1.09559e-13 2.0264e-12 3.07119e-12 2.0264e-12 -2.67251e-15
Strain 0 0.0002 0 0.0002 0 0 0 0 0
Strain mean -1.77772e-20 0.0002 1.5356e-17 0.0002 -1.48537e-31 1.0132e-17 1.5356e-17 1.0132e-17 4.50186e-33
Plastic strain_mean -5.34434e-19 2.69618e-07 0 2.69618e-07 5.34434e-19 0 0 0 0
Plastic strain_rate_mean 0 0 0 0 0 0 0 0 0
Dissipation 3.0762e-06
End step 6
Begin step 7
Stress 1.16927e-13 46.5948 1.91523e-12 46.5948 -9.49671e-14 1.6734e-12 1.91523e-12 1.6734e-12 6.59394e-15
Strain 0 0.000233333 0 0.000233333 0 0 0 0 0
Strain mean 4.38621e-20 0.000233333 9.57616e-18 0.000233333 1.1676e-33 8.36701e-18 9.57616e-18 8.36701e-18 -5.74168e-33
Plastic strain_mean -5.07805e-19 3.5954e-07 0 3.5954e-07 5.07805e-19 0 0 0 0
Plastic strain_rate_mean 0 0 0 0 0 0 0 0 0
Dissipation 4.18987e-06
End step 7
Begin step 8
Stress 5.54443e-14 53.2407 -2.13532e-12 53.2407 -1.03015e-13 1.58647e-12 -2.13532e-12 1.58647e-12 -1.4284e-14
Strain 0 0.000266667 0 0.000266667 0 0 0 0 0
Strain mean -9.50153e-20 0.000266667 -1.06766e-17 0.000266667 4.69445e-34 7.93233e-18 -1.06766e-17 7.93233e-18 1.24885e-33
Plastic strain_mean -4.43656e-19 4.63237e-07 0 4.63237e-07 4.43656e-19 0 0 0 0
Plastic strain_rate_mean 0 0 0 0 0 0 0 0 0
Dissipation 5.52087e-06
End step 8
Begin step 9
Stress 4.67636e-14 59.8831 -2.84095e-12 59.8831 -4.76071e-14 2.96553e-12 -2.84095e-12 2.96553e-12 -2.53277e-16
Strain 0 0.0003 0 0.0003 0 0 0 0 0
Strain mean -1.68477e-21 0.0003 -1.42047e-17 0.0003 -1.00509e-33 1.48277e-17 -1.42047e-17 1.48277e-17 -3.23797e-33
Plastic strain_mean -2.36769e-19 5.84255e-07 0 5.84255e-07 2.36769e-19 0 0 0 0
Plastic strain_rate_mean 0 0 0 0 0 0 0 0 0
Dissipation 7.24691e-06
End step 9
Begin step 10
Stress -6.54208e-14 66.521 -3.29797e-12 66.521 3.08951e-14 4.62625e-12 -3.29797e-12 4.62625e-12 -1.03669e-14
Strain 0 0.000333333 0 0.000333333 0 0 0 0 0
Strain mean -6.89594e-20 0.000333333 -1.64898e-17 0.000333333 2.76852e-34 2.31313e-17 -1.64898e-17 2.31313e-17 -5.1639e-33
Plastic strain_mean 2.0631e-19 7.28277e-07 0 7.28277e-07 -2.0631e-19 0 0 0 0
Plastic strain_rate_mean 0 0 0 0 0 0 0 0 0
Dissipation 9.58043e-06
End step 10
Begin step 11
Stress 3.08312e-14 73.1524 8.82057e-13 73.1524 1.18605e-14 3.91629e-13 8.82057e-13 3.91629e-13 1.28189e-14
Strain 0 0.000366667 0 0.000366667 0 0 0 0 0
Strain mean 8.52697e-20 0.000366667 4.41028e-18 0.000366667 -3.91205e-34 1.95815e-18 4.41028e-18 1.95815e-18 -2.67524e-33
Plastic strain_mean -4.79173e-21 9.04514e-07 0 9.04514e-07 4.79173e-21 0 0 0 0
Plastic strain_rate_mean 0 0 0 0 0 0 0 0 0
Dissipation 1.28921e-05
End step 11
Begin step 12
Stress 1.72587e-14 79.7742 1.4768e-12 79.7742 -8.53947e-16 -2.57254e-12 1.4768e-12 -2.57254e-12 4.9258e-15
Strain 0 0.0004 0 0.0004 0 0 0 0 0
Strain mean 3.27659e-20 0.0004 7.38401e-18 0.0004 -4.72455e-34 -1.28627e-17 7.38401e-18 -1.28627e-17 3.72096e-33
Plastic strain_mean -2.88988e-20 1.12913e-06 0 1.12913e-06 2.88988e-20 0 0 0 0
Plastic strain_rate_mean 0 0 0 0 0 0 0 0 0
Dissipation 1.79185e-05
End step 12
Begin step 13
Stress 4.83981e-14 86.38 -2.87409e-12 86.38 -3.00155e-14 3.05765e-12 -2.87409e-12 3.05765e-12 5.5197e-15
Strain 0 0.000433333 0 0.000433333 0 0 0 0 0
Strain mean 3.67164e-20 0.000433333 -1.43704e-17 0.000433333 -6.27131e-33 1.52882e-17 -1.43704e-17 1.52882e-17 -2.8588e-33
Plastic strain_mean -1.77676e-19 1.43334e-06 0 1.43334e-06 1.77676e-19 0 0 0 0
Plastic strain_rate_mean 0 0 0 0 0 0 0 0 0
Dissipation 2.62774e-05
End step 13
Begin step 14
Stress -1.03718e-14 92.9556 4.68896e-13 92.9556 1.06045e-14 1.18765e-13 4.68896e-13 1.18765e-13 6.98696e-17
Strain 0 0.000466667 0 0.000466667 0 0 0 0 0
Strain mean 4.64764e-22 0.000466667 2.34448e-18 0.000466667 -6.99965e-33 5.93825e-19 2.34448e-18 5.93825e-19 5.50602e-35
Plastic strain_mean 5.26732e-20 1.88845e-06 0 1.88845e-06 -5.26732e-20 0 0 0 0
Plastic strain_rate_mean 0 0 0 0 0 0 0 0 0
Dissipation 4.23048e-05
End step 14
Begin step 15
Stress 7.77437e-14 99.4574 -4.50264e-13 99.4574 -7.96052e-14 -4.1764e-12 -4.50264e-13 -4.1764e-12 -5.58956e-16
Strain 0 0.0005 0 0.0005 0 0 0 0 0
Strain mean -3.71811e-21 0.0005 -2.25132e-18 0.0005 2.75312e-31 -2.0882e-17 -2.25132e-18 -2.0882e-17 2.51274e-33
Plastic strain_mean -3.95231e-19 2.7128e-06 0 2.7128e-06 3.95231e-19 0 0 0 0
Plastic strain_rate_mean 0 0 0 0 0 0 0 0 0
Dissipation 8.19869e-05
End step 15
Begin step 16
Stress -1.09215e-12 105.616 1.1498e-13 105.616 1.0809e-12 2.26398e-12 1.1498e-13 2.26398e-12 -3.37557e-15
Strain 0 0.000533333 0 0.000533333 0 0 0 0 0
Strain mean -2.24539e-20 0.000533333 5.74902e-19 0.000533333 -3.33186e-32 1.13199e-17 5.74902e-19 1.13199e-17 -2.4676e-33
Plastic strain_mean 5.4214e-18 5.25236e-06 0 5.25236e-06 -5.4214e-18 0 0 0 0
Plastic strain_rate_mean 0 0 0 0 0 0 0 0 0
Dissipation 0.000268211
End step 16
Begin step 17
Stress -3.90369e-13 108.774 -5.55083e-13 108.774 3.687e-13 6.98786e-13 -5.55083e-13 6.98786e-13 -6.5066e-15
Strain 0 0.000566667 0 0.000566667 0 0 0 0 0
Strain mean -4.32812e-20 0.000566667 -2.77542e-18 0.000566667 -3.72538e-34 3.49393e-18 -2.77542e-18 3.49393e-18 1.08258e-33
Plastic strain_mean 1.87603e-18 2.27961e-05 0 2.27961e-05 -1.87603e-18 0 0 0 0
Plastic strain_rate_mean 0 0 0 0 0 0 0 0 0
Dissipation 0.00190814
End step 17
Begin step 18
Stress 1.52838e-12 109.1 -1.39585e-12 109.1 -1.50495e-12 7.52002e-12 -1.39585e-12 7.52002e-12 7.03499e-15
Strain 0 0.0006 0 0.0006 0 0 0 0 0
Strain mean 4.6796e-20 0.0006 -6.97925e-18 0.0006 2.79561e-33 3.76001e-17 -6.97925e-18 3.76001e-17 3.35571e-33
Plastic strain_mean -7.55993e-18 5.45011e-05 0 5.45011e-05 7.55993e-18 0 0 0 0
Plastic strain_rate_mean 0 0 0 0 0 0 0 0 0
Dissipation 0.00345853
End step 18
Begin step 19
Stress 1.5726e-12 109.14 -8.22184e-13 109.14 -1.67145e-12 1.43864e-12 -8.22184e-13 1.43864e-12 -2.96815e-14
Strain 0 0.000633333 0 0.000633333 0 0 0 0 0
Strain mean -1.97438e-19 0.000633333 -4.11092e-18 0.000633333 2.22686e-34 7.19318e-18 -4.11092e-18 7.19318e-18 -1.08334e-34
Plastic strain_mean -8.20885e-18 8.7632e-05 0 8.7632e-05 8.20885e-18 0 0 0 0
Plastic strain_rate_mean 0 0 0 0 0 0 0 0 0
Dissipation 0.00361523
End step 19
Begin step 20
Stress -3.75939e-13 109.164 -3.19438e-12 109.164 3.05608e-13 1.79341e-12 -3.19438e-12 1.79341e-12 -2.11181e-14
Strain 0 0.000666667 0 0.000666667 0 0 0 0 0
Strain mean -1.40475e-19 0.000666667 -1.59719e-17 0.000666667 2.31112e-33 8.96703e-18 -1.59719e-17 8.96703e-18 -1.89885e-33
Plastic strain_mean 1.63363e-18 0.000120845 0 0.000120845 -1.63363e-18 0 0 0 0
Plastic strain_rate_mean 0 0 0 0 0 0 0 0 0
Dissipation 0.00362491
End step 20
Begin step 21
Stress -1.42143e-14 109.187 -2.04521e-12 109.187 -1.22972e-13 9.74196e-13 -2.04521e-12 9.74196e-13 -4.11925e-14
Strain 0 0.0007 0 0.0007 0 0 0 0 0
Strain mean -2.74008e-19 0.0007 -1.0226e-17 0.0007 -4.33334e-34 4.87098e-18 -1.0226e-17 4.87098e-18 -1.35718e-33
Plastic strain_mean -4.08899e-19 0.000154065 0 0.000154065 4.08899e-19 0 0 0 0
Plastic strain_rate_mean 0 0 0 0 0 0 0 0 0
Dissipation 0.0036262
End step 21
Begin step 22
Stress -3.28768e-13 109.209 -2.16485e-12 109.209 3.14661e-13 1.19763e-12 -2.16485e-12 1.19763e-12 -4.23584e-15
Strain 0 0.000733333 0 0.000733333 0 0 0 0 0
Strain mean -2.81763e-20 0.000733333 -1.08243e-17 0.000733333 2.03426e-33 5.98815e-18 -1.08243e-17 5.98815e-18 -2.70082e-33
Plastic strain_mean 1.59448e-18 0.000187286 0 0.000187286 -1.59448e-18 0 0 0 0
Plastic strain_rate_mean 0 0 0 0 0 0 0 0 0
Dissipation 0.00362698
End step 22
Begin step 23
Stress -3.30659e-13 109.232 -1.47439e-12 109.232 3.48838e-13 1.01612e-12 -1.47439e-12 1.01612e-12 5.45856e-15
Strain 0 0.000766667 0 0.000766667 0 0 0 0 0
Strain mean 3.63097e-20 0.000766667 -7.37195e-18 0.000766667 -1.51065e-33 5.08062e-18 -7.37195e-18 5.08062e-18 -1.97333e-33
Plastic strain_mean 1.7169e-18 0.000220508 0 0.000220508 -1.7169e-18 0 0 0 0
Plastic strain_rate_mean 0 0 0 0 0 0 0 0 0
Dissipation 0.00362769
End step 23
Begin step 24
Stress -3.91976e-13 109.254 -1.01766e-12 109.254 3.53466e-13 8.58349e-13 -1.01766e-12 8.58349e-13 -1.15634e-14
Strain 0 0.0008 0 0.0008 0 0 0 0 0
Strain mean -7.69185e-20 0.0008 -5.0883e-18 0.0008 1.44445e-34 4.29175e-18 -5.0883e-18 4.29175e-18 -1.07055e-33
Plastic strain_mean 1.82515e-18 0.000253731 0 0.000253731 -1.82515e-18 0 0 0 0
Plastic strain_rate_mean 0 0 0 0 0 0 0 0 0
Dissipation 0.00362837
End step 24
Begin step 25
Stress -2.49032e-13 109.276 -7.67701e-13 109.276 1.72011e-13 7.26189e-13 -7.67701e-13 7.26189e-13 -2.31268e-14
Strain 0 0.000833333 0 0.000833333 0 0 0 0 0
Strain mean -1.53837e-19 0.000833333 -3.8385e-18 0.000833333 -2.25695e-34 3.63095e-18 -3.8385e-18 3.63095e-18 -1.00133e-33
Plastic strain_mean 9.75691e-19 0.000286954 0 0.000286954 -9.75691e-19 0 0 0 0
Plastic strain_rate_mean 0 0 0 0 0 0 0 0 0
Dissipation 0.00362903
End step 25
Begin step 26
Stress 7.47903e-13 109.298 2.99669e-12 109.298 -6.41941e-13 3.12219e-12 2.99669e-12 3.12219e-12 3.18169e-14
Strain 0 0.000866667 0 0.000866667 0 0 0 0 0
Strain mean 2.11642e-19 0.000866667 1.49835e-17 0.000866667 2.43149e-33 1.56109e-17 1.49835e-17 1.56109e-17 -6.80094e-34
Plastic strain_mean -3.36879e-18 0.000320177 0 0.000320177 3.36879e-18 0 0 0 0
Plastic strain_rate_mean 0 0 0 0 0 0 0 0 0
Dissipation 0.00362969
End step 26
Begin step 27
Stress 4.19792e-13 109.32 2.19262e-12 109.32 -3.55191e-13 2.57006e-12 2.19262e-12 2.57006e-12 1.93975e-14
Strain 0 0.0009 0 0.0009 0 0 0 0 0
Strain mean 1.2903e-19 0.0009 1.09631e-17 0.0009 1.42037e-33 1.28503e-17 1.09631e-17 1.28503e-17 -5.77779e-34
Plastic strain_mean -1.87294e-18 0.0003534 0 0.0003534 1.87294e-18 0 0 0 0
Plastic strain_rate_mean 0 0 0 0 0 0 0 0 0
Dissipation 0.00363033
End step 27
Begin step 28
Stress 3.17446e-13 109.342 1.7186e-12 109.342 -3.22711e-13 2.1113e-12 1.7186e-12 2.1113e-12 -1.5808e-15
Strain 0 0.000933333 0 0.000933333 0 0 0 0 0
Strain mean -1.05153e-20 0.000933333 8.59299e-18 0.000933333 2.52778e-34 1.05565e-17 8.59299e-18 1.05565e-17 -7.70372e-34
Plastic strain_mean -1.60565e-18 0.000386623 0 0.000386623 1.60565e-18 0 0 0 0
Plastic strain_rate_mean 0 0 0 0 0 0 0 0 0
Dissipation 0.00363097
End step 28
Begin step 29
Stress 8.16826e-14 109.364 1.26772e-12 109.364 -1.85405e-13 1.74139e-12 1.26772e-12 1.74139e-12 -3.11444e-14
Strain 0 0.000966667 0 0.000966667 0 0 0 0 0
Strain mean -2.07169e-19 0.000966667 6.33862e-18 0.000966667 2.64815e-34 8.70696e-18 6.33862e-18 8.70696e-18 5.11575e-35
Plastic strain_mean -7.71304e-19 0.000419847 0 0.000419847 7.71304e-19 0 0 0 0
Plastic strain_rate_mean 0 0 0 0 0 0 0 0 0
Dissipation 0.00363161
End step 29
Begin step 30
Stress 2.71759e-13 109.386 9.78676e-13 109.386 -1.19273e-13 1.42989e-12 9.78676e-13 1.42989e-12 4.57864e-14
Strain 0 0.001 0 0.001 0 0 0 0 0
Strain mean 3.04566e-19 0.001 4.89338e-18 0.001 4.9352e-34 7.14947e-18 4.89338e-18 7.14947e-18 -4.21297e-34
Plastic strain_mean -8.25298e-19 0.00045307 0 0.00045307 8.25298e-19 0 0 0 0
Plastic strain_rate_mean 0 0 0 0 0 0 0 0 0
Dissipation 0.00363225
End step 30
