Begin step 0
Stress 0 0 0 0 0 0 0 0 0
Strain 0 0 0 0 0 0 0 0 0
Strain mean 0 0 0 0 0 0 0 0 0
Plastic strain_mean 0 0 0 0 0 0 0 0 0
Plastic strain_rate_mean 0 0 0 0 0 0 0 0 0
Dissipation 0
End step 0
Begin step 1
Stress -2.3871e-18 6.64106 1.34969e-12 6.64106 -8.14762e-16 -9.69962e-13 1.34969e-12 -9.69962e-13 -2.45362e-16
Strain 0 3.33333e-05 0 3.33333e-05 0 0 0 0 0
Strain mean -1.63212e-21 3.33333e-05 6.74846e-18 3.33333e-05 -1.38426e-33 -4.84981e-18 6.74846e-18 -4.84981e-18 -7.24105e-34
Plastic strain_mean -2.847e-21 1.28028e-07 0 1.28028e-07 2.847e-21 0 0 0 0
Plastic strain_rate_mean 0 0 0 0 0 0 0 0 0
Dissipation 8.50234e-07
End step 1
Begin step 2
Stress -2.20668e-15 13.2566 -2.59063e-13 13.2566 8.06893e-16 2.61179e-12 -2.59063e-13 2.61179e-12 -4.20309e-16
Strain 0 6.66667e-05 0 6.66667e-05 0 0 0 0 0
Strain mean -2.79585e-21 6.66667e-05 -1.29531e-18 6.66667e-05 1.10982e-32 1.30589e-17 -1.29531e-18 1.30589e-17 1.69271e-33
Plastic strain_mean 6.13601e-21 3.8359e-07 0 3.8359e-07 -6.13601e-21 0 0 0 0
Plastic strain_rate_mean 0 0 0 0 0 0 0 0 0
Dissipation 3.38785e-06
End step 2
Begin step 3
Stress 7.3594e-15 19.8468 -2.5189e-13 19.8468 7.48198e-15 2.60041e-12 -2.5189e-13 2.60041e-12 4.45637e-15
Strain 0 0.0001 0 0.0001 0 0 0 0 0
Strain mean 2.96432e-20 0.0001 -1.25945e-18 0.0001 8.90743e-33 1.3002e-17 -1.25945e-18 1.3002e-17 2.04254e-33
Plastic strain_mean 1.51281e-20 7.66195e-07 0 7.66195e-07 -1.51281e-20 0 0 0 0
Plastic strain_rate_mean 0 0 0 0 0 0 0 0 0
Dissipation 7.59337e-06
End step 3
Begin step 4
Stress 5.76343e-15 26.4116 -2.51612e-13 26.4116 9.31792e-15 2.58907e-12 -2.51612e-13 2.58907e-12 4.52842e-15
Strain 0 0.000133333 0 0.000133333 0 0 0 0 0
Strain mean 3.01225e-20 0.000133333 -1.25806e-18 0.000133333 1.32408e-33 1.29453e-17 -1.25806e-18 1.29453e-17 1.77622e-33
Plastic strain_mean 2.39475e-20 1.27535e-06 0 1.27535e-06 -2.39475e-20 0 0 0 0
Plastic strain_rate_mean 0 0 0 0 0 0 0 0 0
Dissipation 1.34475e-05
End step 4
Begin step 5
Stress -4.32746e-15 32.9512 -2.43887e-13 32.9512 7.44698e-15 2.57808e-12 -2.43887e-13 2.57808e-12 9.36689e-16
Strain 0 0.000166667 0 0.000166667 0 0 0 0 0
Strain mean 6.23075e-21 0.000166667 -1.21944e-18 0.000166667 -3.22593e-33 1.28904e-17 -1.21944e-18 1.28904e-17 2.04931e-33
Plastic strain_mean 3.25515e-20 1.91058e-06 0 1.91058e-06 -3.25515e-20 0 0 0 0
Plastic strain_rate_mean 0 0 0 0 0 0 0 0 0
Dissipation 2.0931e-05
End step 5
Begin step 6
Stress 1.405e-15 39.4657 -2.42435e-13 39.4657 1.23093e-14 2.56709e-12 -2.42435e-13 2.56709e-12 4.11794e-15
Strain 0 0.0002 0 0.0002 0 0 0 0 0
Strain mean 2.7392e-20 0.0002 -1.21218e-18 0.0002 3.9963e-33 1.28355e-17 -1.21218e-18 1.28355e-17 1.90186e-33
Plastic strain_mean 4.09567e-20 2.67138e-06 0 2.67138e-06 -4.09567e-20 0 0 0 0
Plastic strain_rate_mean 0 0 0 0 0 0 0 0 0
Dissipation 3.0025e-05
End step 6
Begin step 7
Stress -1.55269e-14 45.9551 -2.6113e-12 45.9551 1.43707e-14 1.75976e-12 -2.6113e-12 1.75976e-12 -3.47164e-16
Strain 0 0.000233333 0 0.000233333 0 0 0 0 0
Strain mean -2.3093e-21 0.000233333 -1.30565e-17 0.000233333 -1.79352e-33 8.79881e-18 -1.30565e-17 8.79881e-18 4.00834e-33
Plastic strain_mean 7.35893e-20 3.55803e-06 0 3.55803e-06 -7.35893e-20 0 0 0 0
Plastic strain_rate_mean 0 0 0 0 0 0 0 0 0
Dissipation 4.07448e-05
End step 7
Begin step 8
Stress 7.57945e-14 52.4179 1.42323e-12 52.4179 -6.11349e-14 -2.13455e-12 1.42323e-12 -2.13455e-12 4.40178e-15
Strain 0 0.000266667 0 0.000266667 0 0 0 0 0
Strain mean 2.92802e-20 0.000266667 7.11616e-18 0.000266667 -1.76295e-31 -1.06727e-17 7.11616e-18 -1.06727e-17 -5.92825e-34
Plastic strain_mean -3.27683e-19 4.57716e-06 0 4.57716e-06 3.27683e-19 0 0 0 0
Plastic strain_rate_mean 0 0 0 0 0 0 0 0 0
Dissipation 5.34188e-05
End step 8
Begin step 9
Stress 1.12274e-13 58.8477 8.49986e-13 58.8477 -1.53156e-13 -2.42317e-12 8.49986e-13 -2.42317e-12 -1.22752e-14
Strain 0 0.0003 0 0.0003 0 0 0 0 0
Strain mean -8.16533e-20 0.0003 4.24993e-18 0.0003 -2.20158e-32 -1.21159e-17 4.24993e-18 -1.21159e-17 -1.17963e-33
Plastic strain_mean -7.04402e-19 5.76146e-06 0 5.76146e-06 7.04402e-19 0 0 0 0
Plastic strain_rate_mean 0 0 0 0 0 0 0 0 0
Dissipation 6.96905e-05
End step 9
Begin step 10
Stress 2.06214e-13 65.2334 -2.54102e-14 65.2334 -1.98579e-13 -1.35721e-12 -2.54102e-14 -1.35721e-12 2.29259e-15
Strain 0 0.000333333 0 0.000333333 0 0 0 0 0
Strain mean 1.52501e-20 0.000333333 -1.27051e-19 0.000333333 -8.21409e-32 -6.78605e-18 -1.27051e-19 -6.78605e-18 -4.5139e-34
Plastic strain_mean -1.00436e-18 7.16656e-06 0 7.16656e-06 1.00436e-18 0 0 0 0
Plastic strain_rate_mean 0 0 0 0 0 0 0 0 0
Dissipation 9.16554e-05
End step 10
Begin step 11
Stress 1.58314e-13 71.5566 2.48639e-12 71.5566 -1.98606e-13 1.12795e-13 2.48639e-12 1.12795e-13 -1.20984e-14
Strain 0 0.000366667 0 0.000366667 0 0 0 0 0
Strain mean -8.04768e-20 0.000366667 1.24319e-17 0.000366667 1.54074e-32 5.63974e-19 1.24319e-17 5.63974e-19 -2.87084e-33
Plastic strain_mean -9.32537e-19 8.88356e-06 0 8.88356e-06 9.32537e-19 0 0 0 0
Plastic strain_rate_mean 0 0 0 0 0 0 0 0 0
Dissipation 0.000122856
End step 11
Begin step 12
Stress 2.74031e-13 77.7846 -2.83924e-12 77.7846 -2.37876e-13 1.19022e-12 -2.83924e-12 1.19022e-12 1.0856e-14
Strain 0 0.0004 0 0.0004 0 0 0 0 0
Strain mean 7.22128e-20 0.0004 -1.41962e-17 0.0004 9.40095e-33 5.95108e-18 -1.41962e-17 5.95108e-18 -4.17159e-34
Plastic strain_mean -1.24366e-18 1.10768e-05 0 1.10768e-05 1.24366e-18 0 0 0 0
Plastic strain_rate_mean 0 0 0 0 0 0 0 0 0
Dissipation 0.000170589
End step 12
Begin step 13
Stress -7.1465e-14 83.8524 5.46443e-12 83.8524 7.50717e-14 -2.69547e-12 5.46443e-12 -2.69547e-12 1.08298e-15
Strain 0 0.000433333 0 0.000433333 0 0 0 0 0
Strain mean 7.20385e-21 0.000433333 2.73222e-17 0.000433333 8.46687e-32 -1.34773e-17 2.73222e-17 -1.34773e-17 5.13983e-33
Plastic strain_mean 3.69944e-19 1.40712e-05 0 1.40712e-05 -3.69944e-19 0 0 0 0
Plastic strain_rate_mean 0 0 0 0 0 0 0 0 0
Dissipation 0.000251066
End step 13
Begin step 14
Stress -3.04018e-13 89.6109 -7.12478e-13 89.6109 3.50862e-13 -2.88869e-12 -7.12478e-13 -2.88869e-12 1.40656e-14
Strain 0 0.000466667 0 0.000466667 0 0 0 0 0
Strain mean 9.35629e-20 0.000466667 -3.56239e-18 0.000466667 -1.01111e-33 -1.44435e-17 -3.56239e-18 -1.44435e-17 -6.95893e-33
Plastic strain_mean 1.68398e-18 1.86121e-05 0 1.86121e-05 -1.68398e-18 0 0 0 0
Plastic strain_rate_mean 0 0 0 0 0 0 0 0 0
Dissipation 0.000406875
End step 14
Begin step 15
Stress 1.48922e-12 94.6588 7.90645e-13 94.6588 -1.52052e-12 -4.05934e-12 7.90645e-13 -4.05934e-12 -9.39746e-15
Strain 0 0.0005 0 0.0005 0 0 0 0 0
Strain mean -6.25108e-20 0.0005 3.95323e-18 0.0005 -4.71853e-33 -2.02967e-17 3.95323e-18 -2.02967e-17 3.29214e-33
Plastic strain_mean -7.55562e-18 2.67062e-05 0 2.67062e-05 7.55562e-18 0 0 0 0
Plastic strain_rate_mean 0 0 0 0 0 0 0 0 0
Dissipation 0.000766055
End step 15
Begin step 16
Stress -1.55123e-12 98.0221 8.65378e-13 98.0221 1.57951e-12 -6.02463e-13 8.65378e-13 -6.02463e-13 8.49352e-15
Strain 0 0.000533333 0 0.000533333 0 0 0 0 0
Strain mean 5.64979e-20 0.000533333 4.32689e-18 0.000533333 -5.97038e-33 -3.01231e-18 4.32689e-18 -3.01231e-18 -7.794e-34
Plastic strain_mean 7.8551e-18 4.32226e-05 0 4.32226e-05 -7.8551e-18 0 0 0 0
Plastic strain_rate_mean 0 0 0 0 0 0 0 0 0
Dissipation 0.00161861
End step 16
Begin step 17
Stress -3.54024e-15 99.3072 4.07817e-14 99.3072 -1.07849e-14 -8.76856e-13 4.07817e-14 -8.76856e-13 -4.30134e-15
Strain 0 0.000566667 0 0.000566667 0 0 0 0 0
Strain mean -2.86121e-20 0.000566667 2.03909e-19 0.000566667 3.897e-34 -4.38428e-18 2.03909e-19 -4.38428e-18 5.80788e-34
Plastic strain_mean -3.24176e-20 7.01305e-05 0 7.01305e-05 3.24176e-20 0 0 0 0
Plastic strain_rate_mean 0 0 0 0 0 0 0 0 0
Dissipation 0.00267131
End step 17
Begin step 18
Stress 8.55952e-13 99.6368 5.76131e-13 99.6368 -8.53334e-13 1.78062e-12 5.76131e-13 1.78062e-12 7.86033e-16
Strain 0 0.0006 0 0.0006 0 0 0 0 0
Strain mean 5.2286e-21 0.0006 2.88066e-18 0.0006 7.5194e-34 8.9031e-18 2.88066e-18 8.9031e-18 1.42902e-33
Plastic strain_mean -4.2706e-18 0.000101816 0 0.000101816 4.2706e-18 0 0 0 0
Plastic strain_rate_mean 0 0 0 0 0 0 0 0 0
Dissipation 0.00315579
End step 18
Begin step 19
Stress -9.12432e-13 99.7244 -2.78397e-12 99.7244 9.25157e-13 4.44635e-12 -2.78397e-12 4.44635e-12 3.82099e-15
Strain 0 0.000633333 0 0.000633333 0 0 0 0 0
Strain mean 2.54168e-20 0.000633333 -1.39199e-17 0.000633333 1.90186e-33 2.22317e-17 -1.39199e-17 2.22317e-17 -4.06251e-33
Plastic strain_mean 4.60668e-18 0.000134711 0 0.000134711 -4.60668e-18 0 0 0 0
Plastic strain_rate_mean 0 0 0 0 0 0 0 0 0
Dissipation 0.00327887
End step 19
Begin step 20
Stress -2.08464e-12 99.761 -9.43799e-13 99.761 2.10816e-12 -1.32682e-13 -9.43799e-13 -1.32682e-13 7.06119e-15
Strain 0 0.000666667 0 0.000666667 0 0 0 0 0
Strain mean 4.69702e-20 0.000666667 -4.71899e-18 0.000666667 -7.9252e-32 -6.63412e-19 -4.71899e-18 -6.63412e-19 -8.93752e-34
Plastic strain_mean 1.05055e-17 0.000167862 0 0.000167862 -1.05055e-17 0 0 0 0
Plastic strain_rate_mean 0 0 0 0 0 0 0 0 0
Dissipation 0.0033053
End step 20
Begin step 21
Stress 1.47503e-13 99.7869 -1.39018e-12 99.7869 -1.66074e-13 -1.21149e-13 -1.39018e-12 -1.21149e-13 -5.57646e-15
Strain 0 0.0007 0 0.0007 0 0 0 0 0
Strain mean -3.7094e-20 0.0007 -6.9509e-18 0.0007 -4.36344e-34 -6.05743e-19 -6.9509e-18 -6.05743e-19 -5.7176e-35
Plastic strain_mean -8.02489e-19 0.000201066 0 0.000201066 8.02489e-19 0 0 0 0
Plastic strain_rate_mean 0 0 0 0 0 0 0 0 0
Dissipation 0.00331126
End step 21
Begin step 22
Stress 3.00357e-13 99.8103 -1.16929e-12 99.8103 -2.38228e-13 -3.9938e-14 -1.16929e-12 -3.9938e-14 1.86552e-14
Strain 0 0.000733333 0 0.000733333 0 0 0 0 0
Strain mean 1.24092e-19 0.000733333 -5.84644e-18 0.000733333 5.05557e-34 -1.9969e-19 -5.84644e-18 -1.9969e-19 -3.64121e-34
Plastic strain_mean -1.28442e-18 0.000234282 0 0.000234282 1.28442e-18 0 0 0 0
Plastic strain_rate_mean 0 0 0 0 0 0 0 0 0
Dissipation 0.00331308
End step 22
Begin step 23
Stress -1.19877e-13 99.8329 1.24561e-13 99.8329 1.02396e-13 -6.67021e-13 1.24561e-13 -6.67021e-13 -5.24895e-15
Strain 0 0.000766667 0 0.000766667 0 0 0 0 0
Strain mean -3.49154e-20 0.000766667 6.22807e-19 0.000766667 3.10707e-33 -3.33511e-18 6.22807e-19 -3.33511e-18 -2.11852e-33
Plastic strain_mean 5.38224e-19 0.000267502 0 0.000267502 -5.38224e-19 0 0 0 0
Plastic strain_rate_mean 0 0 0 0 0 0 0 0 0
Dissipation 0.00331402
End step 23
Begin step 24
Stress -1.8185e-13 99.8551 2.27566e-14 99.8551 1.38743e-13 -4.74867e-13 2.27566e-14 -4.74867e-13 -1.29433e-14
Strain 0 0.0008 0 0.0008 0 0 0 0 0
Strain mean -8.60976e-20 0.0008 1.13783e-19 0.0008 8.81715e-34 -2.37433e-18 1.13783e-19 -2.37433e-18 -3.00927e-34
Plastic strain_mean 7.58434e-19 0.000300724 0 0.000300724 -7.58434e-19 0 0 0 0
Plastic strain_rate_mean 0 0 0 0 0 0 0 0 0
Dissipation 0.00331477
End step 24
Begin step 25
Stress -1.98618e-13 99.8771 -9.95978e-14 99.8771 1.60268e-13 -3.45522e-13 -9.95978e-14 -3.45522e-13 -1.15154e-14
Strain 0 0.000833333 0 0.000833333 0 0 0 0 0
Strain mean -7.6599e-20 0.000833333 -4.97989e-19 0.000833333 1.68218e-33 -1.72761e-18 -4.97989e-19 -1.72761e-18 -1.13148e-33
Plastic strain_mean 8.58916e-19 0.000333948 0 0.000333948 -8.58916e-19 0 0 0 0
Plastic strain_rate_mean 0 0 0 0 0 0 0 0 0
Dissipation 0.00331546
End step 25
Begin step 26
Stress -2.00888e-13 99.8988 -1.453e-13 99.8988 1.89849e-13 -2.52957e-13 -1.453e-13 -2.52957e-13 -3.31444e-15
Strain 0 0.000866667 0 0.000866667 0 0 0 0 0
Strain mean -2.20473e-20 0.000866667 -7.26498e-19 0.000866667 2.43751e-33 -1.26479e-18 -7.26498e-19 -1.26479e-18 -1.34815e-33
Plastic strain_mean 9.6582e-19 0.000367172 0 0.000367172 -9.6582e-19 0 0 0 0
Plastic strain_rate_mean 0 0 0 0 0 0 0 0 0
Dissipation 0.00331612
End step 26
Begin step 27
Stress -2.08403e-13 99.9204 -1.4714e-13 99.9204 1.57153e-13 -1.96854e-13 -1.4714e-13 -1.96854e-13 -1.53888e-14
Strain 0 0.0009 0 0.0009 0 0 0 0 0
Strain mean -1.02364e-19 0.0009 -7.35698e-19 0.0009 -4.25811e-34 -9.8427e-19 -7.35698e-19 -9.8427e-19 1.44445e-34
Plastic strain_mean 8.62709e-19 0.000400398 0 0.000400398 -8.62709e-19 0 0 0 0
Plastic strain_rate_mean 0 0 0 0 0 0 0 0 0
Dissipation 0.00331676
End step 27
Begin step 28
Stress -2.5177e-13 99.9419 -2.08096e-13 99.9419 1.61602e-13 -1.64007e-13 -2.08096e-13 -1.64007e-13 -2.70745e-14
Strain 0 0.000933333 0 0.000933333 0 0 0 0 0
Strain mean -1.80096e-19 0.000933333 -1.04048e-18 0.000933333 3.62616e-34 -8.20036e-19 -1.04048e-18 -8.20036e-19 1.80556e-34
Plastic strain_mean 9.43383e-19 0.000433624 0 0.000433624 -9.43383e-19 0 0 0 0
Plastic strain_rate_mean 0 0 0 0 0 0 0 0 0
Dissipation 0.00331739
End step 28
Begin step 29
Stress -1.97777e-13 99.9632 -2.43744e-13 99.9632 2.08597e-13 -1.49293e-13 -2.43744e-13 -1.49293e-13 3.24893e-15
Strain 0 0.000966667 0 0.000966667 0 0 0 0 0
Strain mean 2.16115e-20 0.000966667 -1.21872e-18 0.000966667 -2.39914e-33 -7.46466e-19 -1.21872e-18 -7.46466e-19 4.81482e-34
Plastic strain_mean 1.02674e-18 0.000466851 0 0.000466851 -1.02674e-18 0 0 0 0
Plastic strain_rate_mean 0 0 0 0 0 0 0 0 0
Dissipation 0.00331801
End step 29
Begin step 30
Stress -1.43632e-13 99.9844 -2.32389e-13 99.9844 2.41813e-13 -1.39796e-13 -2.32389e-13 -1.39796e-13 2.94806e-14
Strain 0 0.001 0 0.001 0 0 0 0 0
Strain mean 1.96101e-19 0.001 -1.16194e-18 0.001 2.10649e-34 -6.98982e-19 -1.16194e-18 -6.98982e-19 6.31946e-35
Plastic strain_mean 1.06166e-18 0.000500078 0 0.000500078 -1.06166e-18 0 0 0 0
Plastic strain_rate_mean 0 0 0 0 0 0 0 0 0
Dissipation 0.00331862
End step 30
