Begin step 0
Stress 0 0 0 0 0 0 0 0 0
Strain 0 0 0 0 0 0 0 0 0
Strain mean 0 0 0 0 0 0 0 0 0
Plastic strain_mean 0 0 0 0 0 0 0 0 0
Plastic strain_rate_mean 0 0 0 0 0 0 0 0 0
Dissipation 0
End step 0
Begin step 1
Stress -2.8259e-14 6.66152 -4.29621e-12 6.66152 2.94198e-14 2.46746e-12 -4.29621e-12 2.46746e-12 3.48529e-16
Strain 0 3.33333e-05 0 3.33333e-05 0 0 0 0 0
Strain mean 2.31838e-21 3.33333e-05 -2.14811e-17 3.33333e-05 -1.20972e-33 1.23373e-17 -2.14811e-17 1.23373e-17 -2.81968e-33
Plastic strain_mean 1.45356e-19 2.57239e-08 0 2.57239e-08 -1.45356e-19 0 0 0 0
Plastic strain_rate_mean 0 0 0 0 0 0 0 0 0
Dissipation 1.7136e-07
End step 1
Begin step 2
Stress -1.01852e-14 13.3179 4.22594e-12 13.3179 7.08565e-15 -2.07196e-12 4.22594e-12 -2.07196e-12 -9.30684e-16
Strain 0 6.66667e-05 0 6.66667e-05 0 0 0 0 0
Strain mean -6.19081e-21 6.66667e-05 2.11297e-17 6.66667e-05 1.89945e-32 -1.03598e-17 2.11297e-17 -1.03598e-17 5.64849e-33
Plastic strain_mean 4.00817e-20 7.739e-08 0 7.739e-08 -4.00817e-20 0 0 0 0
Plastic strain_rate_mean 0 0 0 0 0 0 0 0 0
Dissipation 6.8808e-07
End step 2
Begin step 3
Stress 1.12115e-14 19.9689 4.1201e-12 19.9689 -1.54217e-14 -3.76514e-12 4.1201e-12 -3.76514e-12 -1.2642e-15
Strain 0 0.0001 0 0.0001 0 0 0 0 0
Strain mean -8.40933e-21 0.0001 2.06005e-17 0.0001 -1.05926e-33 -1.88257e-17 2.06005e-17 -1.88257e-17 4.28519e-33
Plastic strain_mean -7.07876e-20 1.55467e-07 0 1.55467e-07 7.07876e-20 0 0 0 0
Plastic strain_rate_mean 0 0 0 0 0 0 0 0 0
Dissipation 1.55911e-06
End step 3
Begin step 4
Stress 2.55098e-14 26.6145 3.51988e-12 26.6145 -1.12211e-14 8.26079e-13 3.51988e-12 8.26079e-13 4.29043e-15
Strain 0 0.000133333 0 0.000133333 0 0 0 0 0
Strain mean 2.85394e-20 0.000133333 1.75994e-17 0.000133333 -6.62038e-35 4.1304e-18 1.75994e-17 4.1304e-18 -5.33242e-33
Plastic strain_mean -7.75576e-20 2.60701e-07 0 2.60701e-07 7.75576e-20 0 0 0 0
Plastic strain_rate_mean 0 0 0 0 0 0 0 0 0
Dissipation 2.80074e-06
End step 4
Begin step 5
Stress 3.704e-14 33.2545 -6.17867e-12 33.2545 -4.16066e-14 -2.01899e-14 -6.17867e-12 -2.01899e-14 -1.37119e-15
Strain 0 0.000166667 0 0.000166667 0 0 0 0 0
Strain mean -9.121e-21 0.000166667 -3.08934e-17 0.000166667 -1.45047e-33 -1.00949e-19 -3.08934e-17 -1.00949e-19 -1.20972e-33
Plastic strain_mean -2.01177e-19 3.94162e-07 0 3.94162e-07 2.01177e-19 0 0 0 0
Plastic strain_rate_mean 0 0 0 0 0 0 0 0 0
Dissipation 4.43816e-06
End step 5
Begin step 6
Stress 1.55196e-14 39.8885 -4.77691e-13 39.8885 -2.55544e-14 -2.878e-12 -4.77691e-13 -2.878e-12 -3.01312e-15
Strain 0 0.0002 0 0.0002 0 0 0 0 0
Strain mean -2.0043e-20 0.0002 -2.38846e-18 0.0002 3.37038e-34 -1.439e-17 -2.38846e-18 -1.439e-17 3.96471e-33
Plastic strain_mean -1.12707e-19 5.57317e-07 0 5.57317e-07 1.12707e-19 0 0 0 0
Plastic strain_rate_mean 0 0 0 0 0 0 0 0 0
Dissipation 6.50798e-06
End step 6
Begin step 7
Stress 3.32686e-14 46.5162 3.0336e-12 46.5162 -9.72304e-15 -1.96618e-12 3.0336e-12 -1.96618e-12 7.06993e-15
Strain 0 0.000233333 0 0.000233333 0 0 0 0 0
Strain mean 4.70283e-20 0.000233333 1.5168e-17 0.000233333 -2.86482e-33 -9.83092e-18 1.5168e-17 -9.83092e-18 2.36829e-33
Plastic strain_mean -8.39648e-20 7.52144e-07 0 7.52144e-07 8.39648e-20 0 0 0 0
Plastic strain_rate_mean 0 0 0 0 0 0 0 0 0
Dissipation 9.06258e-06
End step 7
Begin step 8
Stress -3.20081e-15 53.1371 6.49156e-12 53.1371 -7.04491e-15 -4.00894e-12 6.49156e-12 -4.00894e-12 -3.07644e-15
Strain 0 0.000266667 0 0.000266667 0 0 0 0 0
Strain mean -2.04642e-20 0.000266667 3.24578e-17 0.000266667 -4.40556e-33 -2.00447e-17 3.24578e-17 -2.00447e-17 3.79167e-33
Plastic strain_mean -1.98423e-20 9.81314e-07 0 9.81314e-07 1.98423e-20 0 0 0 0
Plastic strain_rate_mean 0 0 0 0 0 0 0 0 0
Dissipation 1.21774e-05
End step 8
Begin step 9
Stress 4.15738e-14 59.7503 2.28255e-12 59.7503 -3.04773e-14 3.47422e-13 2.28255e-12 3.47422e-13 3.3319e-15
Strain 0 0.0003 0 0.0003 0 0 0 0 0
Strain mean 2.21634e-20 0.0003 1.14127e-17 0.0003 -2.0463e-34 1.73711e-18 1.14127e-17 1.73711e-18 -3.56899e-33
Plastic strain_mean -1.69046e-19 1.24849e-06 0 1.24849e-06 1.69046e-19 0 0 0 0
Plastic strain_rate_mean 0 0 0 0 0 0 0 0 0
Dissipation 1.59637e-05
End step 9
Begin step 10
Stress 2.31848e-14 66.3549 -4.8868e-12 66.3549 -1.16374e-14 2.34685e-12 -4.8868e-12 2.34685e-12 3.46728e-15
Strain 0 0.000333333 0 0.000333333 0 0 0 0 0
Strain mean 2.30639e-20 0.000333333 -2.4434e-17 0.000333333 -1.02059e-32 1.17343e-17 -2.4434e-17 1.17343e-17 -1.625e-34
Plastic strain_mean -7.55236e-20 1.55884e-06 0 1.55884e-06 7.55236e-20 0 0 0 0
Plastic strain_rate_mean 0 0 0 0 0 0 0 0 0
Dissipation 2.05933e-05
End step 10
Begin step 11
Stress -1.62285e-14 72.9493 -2.42943e-12 72.9493 1.65484e-14 1.19347e-12 -2.42943e-12 1.19347e-12 9.60706e-17
Strain 0 0.000366667 0 0.000366667 0 0 0 0 0
Strain mean 6.39051e-22 0.000366667 -1.21472e-17 0.000366667 -2.08723e-32 5.96733e-18 -1.21472e-17 5.96733e-18 -1.68321e-33
Plastic strain_mean 8.22617e-20 1.92005e-06 0 1.92005e-06 -8.22617e-20 0 0 0 0
Plastic strain_rate_mean 0 0 0 0 0 0 0 0 0
Dissipation 2.63499e-05
End step 11
Begin step 12
Stress 2.80519e-14 79.5311 1.04181e-11 79.5311 -4.45149e-14 -4.84484e-12 1.04181e-11 -4.84484e-12 -4.94327e-15
Strain 0 0.0004 0 0.0004 0 0 0 0 0
Strain mean -3.28821e-20 0.0004 5.20904e-17 0.0004 2.80464e-33 -2.42242e-17 5.20904e-17 -2.42242e-17 1.03368e-32
Plastic strain_mean -1.97858e-19 2.34447e-06 0 2.34447e-06 1.97858e-19 0 0 0 0
Plastic strain_rate_mean 0 0 0 0 0 0 0 0 0
Dissipation 3.37538e-05
End step 12
Begin step 13
Stress 7.65224e-14 86.0957 3.07751e-12 86.0957 -8.2107e-14 -3.85543e-12 3.07751e-12 -3.85543e-12 -1.67687e-15
Strain 0 0.000433333 0 0.000433333 0 0 0 0 0
Strain mean -1.11543e-20 0.000433333 1.53875e-17 0.000433333 -3.86992e-33 -1.92772e-17 1.53875e-17 -1.92772e-17 6.31871e-33
Plastic strain_mean -4.02151e-19 2.8548e-06 0 2.8548e-06 4.02151e-19 0 0 0 0
Plastic strain_rate_mean 0 0 0 0 0 0 0 0 0
Dissipation 4.39366e-05
End step 13
Begin step 14
Stress 3.04473e-14 92.6321 4.41325e-12 92.6321 -6.21661e-14 -2.58972e-12 4.41325e-12 -2.58972e-12 -9.52409e-15
Strain 0 0.000466667 0 0.000466667 0 0 0 0 0
Strain mean -6.33532e-20 0.000466667 2.20662e-17 0.000466667 3.56297e-33 -1.29486e-17 2.20662e-17 -1.29486e-17 2.28855e-33
Plastic strain_mean -2.6321e-19 3.50618e-06 0 3.50618e-06 2.6321e-19 0 0 0 0
Plastic strain_rate_mean 0 0 0 0 0 0 0 0 0
Dissipation 6.03376e-05
End step 14
Begin step 15
Stress -8.0656e-13 99.0507 -3.1006e-12 99.0507 8.08058e-13 7.11339e-13 -3.1006e-12 7.11339e-13 4.49785e-16
Strain 0 0.0005 0 0.0005 0 0 0 0 0
Strain mean 2.99192e-21 0.0005 -1.5503e-17 0.0005 -1.92593e-34 3.55669e-18 -1.5503e-17 3.55669e-18 1.25246e-32
Plastic strain_mean 4.03804e-18 4.74635e-06 0 4.74635e-06 -4.03804e-18 0 0 0 0
Plastic strain_rate_mean 0 0 0 0 0 0 0 0 0
Dissipation 0.000122834
End step 15
Begin step 16
Stress 8.21582e-14 100.02 -4.48718e-12 100.02 -1.39982e-13 4.09585e-12 -4.48718e-12 4.09585e-12 -1.73626e-14
Strain 0 0.000533333 0 0.000533333 0 0 0 0 0
Strain mean -1.15494e-19 0.000533333 -2.24359e-17 0.000533333 7.02964e-33 2.04792e-17 -2.24359e-17 2.04792e-17 -4.0264e-33
Plastic strain_mean -6.13098e-19 3.32323e-05 0 3.32323e-05 6.13098e-19 0 0 0 0
Plastic strain_rate_mean 0 0 0 0 0 0 0 0 0
Dissipation 0.00284909
End step 16
Begin step 17
Stress 5.31968e-13 100.041 3.11561e-13 100.041 -5.50118e-13 -4.28076e-13 3.11561e-13 -4.28076e-13 -5.44983e-15
Strain 0 0.000566667 0 0.000566667 0 0 0 0 0
Strain mean -3.62516e-20 0.000566667 1.55781e-18 0.000566667 -1.78149e-33 -2.14038e-18 1.55781e-18 -2.14038e-18 -7.50812e-34
Plastic strain_mean -2.72334e-18 6.64606e-05 0 6.64606e-05 2.72334e-18 0 0 0 0
Plastic strain_rate_mean 0 0 0 0 0 0 0 0 0
Dissipation 0.00332402
End step 17
Begin step 18
Stress 2.2509e-13 100.062 6.13639e-12 100.062 -2.28552e-13 -5.96201e-12 6.13639e-12 -5.96201e-12 -1.03931e-15
Strain 0 0.0006 0 0.0006 0 0 0 0 0
Strain mean -6.91337e-21 0.0006 3.06819e-17 0.0006 -5.17594e-34 -2.981e-17 3.06819e-17 -2.981e-17 5.67999e-33
Plastic strain_mean -1.13756e-18 9.96908e-05 0 9.96908e-05 1.13756e-18 0 0 0 0
Plastic strain_rate_mean 0 0 0 0 0 0 0 0 0
Dissipation 0.00332478
End step 18
Begin step 19
Stress 9.44235e-13 100.082 1.19304e-12 100.082 -8.85219e-13 -1.2982e-12 1.19304e-12 -1.2982e-12 1.77207e-14
Strain 0 0.000633333 0 0.000633333 0 0 0 0 0
Strain mean 1.17876e-19 0.000633333 5.96518e-18 0.000633333 -2.55788e-34 -6.49102e-18 5.96518e-18 -6.49102e-18 7.97455e-35
Plastic strain_mean -4.5147e-18 0.000132921 0 0.000132921 4.5147e-18 0 0 0 0
Plastic strain_rate_mean 0 0 0 0 0 0 0 0 0
Dissipation 0.00332537
End step 19
Begin step 20
Stress 1.57547e-12 100.103 -3.74571e-12 100.103 -1.57929e-12 3.3656e-12 -3.74571e-12 3.3656e-12 -1.14848e-15
Strain 0 0.000666667 0 0.000666667 0 0 0 0 0
Strain mean -7.63956e-21 0.000666667 -1.87286e-17 0.000666667 -5.85001e-33 1.6828e-17 -1.87286e-17 1.6828e-17 -4.4808e-33
Plastic strain_mean -7.89072e-18 0.000166151 0 0.000166151 7.89072e-18 0 0 0 0
Plastic strain_rate_mean 0 0 0 0 0 0 0 0 0
Dissipation 0.00332596
End step 20
Begin step 21
Stress 2.20666e-12 100.124 -8.69521e-12 100.124 -2.27327e-12 8.0294e-12 -8.69521e-12 8.0294e-12 -2.00002e-14
Strain 0 0.0007 0 0.0007 0 0 0 0 0
Strain mean -1.33039e-19 0.0007 -4.3476e-17 0.0007 7.46298e-33 4.0147e-17 -4.3476e-17 4.0147e-17 -8.72085e-33
Plastic strain_mean -1.12663e-17 0.000199381 0 0.000199381 1.12663e-17 0 0 0 0
Plastic strain_rate_mean 0 0 0 0 0 0 0 0 0
Dissipation 0.00332655
End step 21
Begin step 22
Stress 2.94991e-12 100.144 -1.36335e-11 100.144 -2.92015e-12 1.26932e-11 -1.36335e-11 1.26932e-11 8.93457e-15
Strain 0 0.000733333 0 0.000733333 0 0 0 0 0
Strain mean 5.94317e-20 0.000733333 -6.81677e-17 0.000733333 6.25927e-33 6.3466e-17 -6.81677e-17 6.3466e-17 -1.3626e-32
Plastic strain_mean -1.46454e-17 0.000232612 0 0.000232612 1.46454e-17 0 0 0 0
Plastic strain_rate_mean 0 0 0 0 0 0 0 0 0
Dissipation 0.00332714
End step 22
Begin step 23
Stress 3.61807e-12 100.165 -1.85884e-11 100.165 -3.59898e-12 1.7357e-11 -1.85884e-11 1.7357e-11 5.7293e-15
Strain 0 0.000766667 0 0.000766667 0 0 0 0 0
Strain mean 3.81107e-20 0.000766667 -9.29422e-17 0.000766667 9.50928e-33 8.6785e-17 -9.29422e-17 8.6785e-17 -1.82783e-32
Plastic strain_mean -1.80236e-17 0.000265842 0 0.000265842 1.80236e-17 0 0 0 0
Plastic strain_rate_mean 0 0 0 0 0 0 0 0 0
Dissipation 0.00332772
End step 23
Begin step 24
Stress 4.27846e-12 100.186 -2.35247e-11 100.186 -4.28171e-12 2.20208e-11 -2.35247e-11 2.20208e-11 -9.78174e-16
Strain 0 0.0008 0 0.0008 0 0 0 0 0
Strain mean -6.5067e-21 0.0008 -1.17624e-16 0.0008 1.36019e-32 1.10104e-16 -1.17624e-16 1.10104e-16 -2.2726e-32
Plastic strain_mean -2.14037e-17 0.000299072 0 0.000299072 2.14037e-17 0 0 0 0
Plastic strain_rate_mean 0 0 0 0 0 0 0 0 0
Dissipation 0.00332831
End step 24
Begin step 25
Stress 4.98176e-12 100.206 -2.84697e-11 100.206 -4.94566e-12 2.66846e-11 -2.84697e-11 2.66846e-11 1.08385e-14
Strain 0 0.000833333 0 0.000833333 0 0 0 0 0
Strain mean 7.20966e-20 0.000833333 -1.42349e-16 0.000833333 4.07816e-32 1.33423e-16 -1.42349e-16 1.33423e-16 -2.17811e-32
Plastic strain_mean -2.47825e-17 0.000332302 0 0.000332302 2.47825e-17 0 0 0 0
Plastic strain_rate_mean 0 0 0 0 0 0 0 0 0
Dissipation 0.0033289
End step 25
Begin step 26
Stress -1.94463e-12 100.227 1.60697e-12 100.227 1.92357e-12 1.57587e-12 1.60697e-12 1.57587e-12 -6.3232e-15
Strain 0 0.000866667 0 0.000866667 0 0 0 0 0
Strain mean -4.20612e-20 0.000866667 8.03487e-18 0.000866667 -2.79982e-32 7.87934e-18 8.03487e-18 7.87934e-18 1.37523e-33
Plastic strain_mean 9.64947e-18 0.000365533 0 0.000365533 -9.64947e-18 0 0 0 0
Plastic strain_rate_mean 0 0 0 0 0 0 0 0 0
Dissipation 0.00332949
End step 26
Begin step 27
Stress -8.86232e-12 100.247 3.1732e-11 100.247 8.79437e-12 -2.35329e-11 3.1732e-11 -2.35329e-11 -2.04019e-14
Strain 0 0.0009 0 0.0009 0 0 0 0 0
Strain mean -1.35711e-19 0.0009 1.5866e-16 0.0009 1.26389e-32 -1.17664e-16 1.5866e-16 -1.17664e-16 3.08435e-32
Plastic strain_mean 4.40739e-17 0.000398763 0 0.000398763 -4.40739e-17 0 0 0 0
Plastic strain_rate_mean 0 0 0 0 0 0 0 0 0
Dissipation 0.00333008
End step 27
Begin step 28
Stress 2.35589e-13 100.268 -2.48674e-12 100.268 -2.8873e-13 -2.8262e-13 -2.48674e-12 -2.8262e-13 -1.59565e-14
Strain 0 0.000933333 0 0.000933333 0 0 0 0 0
Strain mean -1.06141e-19 0.000933333 -1.24337e-17 0.000933333 -2.38815e-32 -1.4131e-18 -1.24337e-17 -1.4131e-18 2.47663e-33
Plastic strain_mean -1.36387e-18 0.000431993 0 0.000431993 1.36387e-18 0 0 0 0
Plastic strain_rate_mean 0 0 0 0 0 0 0 0 0
Dissipation 0.00333066
End step 28
Begin step 29
Stress 9.38404e-12 100.289 -3.6653e-11 100.289 -9.35737e-12 2.29676e-11 -3.6653e-11 2.29676e-11 8.0088e-15
Strain 0 0.000966667 0 0.000966667 0 0 0 0 0
Strain mean 5.32736e-20 0.000966667 -1.83265e-16 0.000966667 1.98082e-31 1.14838e-16 -1.83265e-16 1.14838e-16 -2.1763e-32
Plastic strain_mean -4.68269e-17 0.000465223 0 0.000465223 4.68269e-17 0 0 0 0
Plastic strain_rate_mean 0 0 0 0 0 0 0 0 0
Dissipation 0.00333125
End step 29
Begin step 30
Stress -8.69197e-13 100.309 1.58018e-12 100.309 8.03345e-13 2.25938e-12 1.58018e-12 2.25938e-12 -1.97731e-14
Strain 0 0.001 0 0.001 0 0 0 0 0
Strain mean -1.31528e-19 0.001 7.90092e-18 0.001 -6.45187e-33 1.12969e-17 7.90092e-18 1.12969e-17 2.41343e-33
Plastic strain_mean 4.11559e-18 0.000498454 0 0.000498454 -4.11559e-18 0 0 0 0
Plastic strain_rate_mean 0 0 0 0 0 0 0 0 0
Dissipation 0.00333184
End step 30
