Begin step 0
Stress 0 0 0 0 0 0 0 0 0
Strain 0 0 0 0 0 0 0 0 0
Strain mean 0 0 0 0 0 0 0 0 0
Plastic strain_mean 0 0 0 0 0 0 0 0 0
Plastic strain_rate_mean 0 0 0 0 0 0 0 0 0
Dissipation 0
End step 0
Begin step 1
Stress -7.63233e-16 6.6641 -3.64622e-13 6.6641 1.12136e-15 1.89585e-12 -3.64622e-13 1.89585e-12 1.07534e-16
Strain 0 3.33333e-05 0 3.33333e-05 0 0 0 0 0
Strain mean 7.15301e-22 3.33333e-05 -1.82311e-18 3.33333e-05 -6.74075e-34 9.47923e-18 -1.82311e-18 9.47923e-18 1.50087e-33
Plastic strain_mean 5.06913e-21 1.28472e-08 0 1.28472e-08 -5.06913e-21 0 0 0 0
Plastic strain_rate_mean 0 0 0 0 0 0 0 0 0
Dissipation 8.56152e-08
End step 1
Begin step 2
Stress 1.86035e-14 13.3256 3.11435e-12 13.3256 -2.19411e-14 2.06184e-12 3.11435e-12 2.06184e-12 -1.00219e-15
Strain 0 6.66667e-05 0 6.66667e-05 0 0 0 0 0
Strain mean -6.66646e-21 6.66667e-05 1.55718e-17 6.66667e-05 3.08149e-32 1.03092e-17 1.55718e-17 1.03092e-17 4.95626e-33
Plastic strain_mean -1.04695e-19 3.85368e-08 0 3.85368e-08 1.04695e-19 0 0 0 0
Plastic strain_rate_mean 0 0 0 0 0 0 0 0 0
Dissipation 3.42329e-07
End step 2
Begin step 3
Stress 4.65752e-14 19.9846 3.03632e-12 19.9846 -4.03835e-14 2.00357e-12 3.03632e-12 2.00357e-12 1.85919e-15
Strain 0 0.0001 0 0.0001 0 0 0 0 0
Strain mean 1.23671e-20 0.0001 1.51816e-17 0.0001 -1.13413e-31 1.00179e-17 1.51816e-17 1.00179e-17 4.5801e-33
Plastic strain_mean -2.11213e-19 7.70636e-08 0 7.70636e-08 2.11213e-19 0 0 0 0
Plastic strain_rate_mean 0 0 0 0 0 0 0 0 0
Dissipation 7.69942e-07
End step 3
Begin step 4
Stress 6.92072e-14 26.641 3.07631e-12 26.641 -6.15356e-14 2.0341e-12 3.07631e-12 2.0341e-12 2.30351e-15
Strain 0 0.000133333 0 0.000133333 0 0 0 0 0
Strain mean 1.53227e-20 0.000133333 1.53815e-17 0.000133333 5.29631e-32 1.01705e-17 1.53815e-17 1.01705e-17 5.10371e-33
Plastic strain_mean -3.19195e-19 1.28423e-07 0 1.28423e-07 3.19195e-19 0 0 0 0
Plastic strain_rate_mean 0 0 0 0 0 0 0 0 0
Dissipation 1.36826e-06
End step 4
Begin step 5
Stress 9.30502e-14 33.2948 3.0687e-12 33.2948 -8.20846e-14 2.02604e-12 3.0687e-12 2.02604e-12 3.2926e-15
Strain 0 0.000166667 0 0.000166667 0 0 0 0 0
Strain mean 2.1902e-20 0.000166667 1.53435e-17 0.000166667 7.46298e-32 1.01302e-17 1.53435e-17 1.01302e-17 4.69144e-33
Plastic strain_mean -4.26886e-19 1.92609e-07 0 1.92609e-07 4.26886e-19 0 0 0 0
Plastic strain_rate_mean 0 0 0 0 0 0 0 0 0
Dissipation 2.13708e-06
End step 5
Begin step 6
Stress 1.00659e-13 39.9461 3.07119e-12 39.9461 -1.09559e-13 2.0264e-12 3.07119e-12 2.0264e-12 -2.67251e-15
Strain 0 0.0002 0 0.0002 0 0 0 0 0
Strain mean -1.77772e-20 0.0002 1.5356e-17 0.0002 -1.48537e-31 1.0132e-17 1.5356e-17 1.0132e-17 4.50186e-33
Plastic strain_mean -5.34434e-19 2.69618e-07 0 2.69618e-07 5.34434e-19 0 0 0 0
Plastic strain_rate_mean 0 0 0 0 0 0 0 0 0
Dissipation 3.0762e-06
End step 6
Begin step 7
Stress 1.65006e-13 46.5948 8.83584e-14 46.5948 -1.60825e-13 2.81901e-12 8.83584e-14 2.81901e-12 1.25547e-15
Strain 0 0.000233333 0 0.000233333 0 0 0 0 0
Strain mean 8.35123e-21 0.000233333 4.41792e-19 0.000233333 2.70834e-34 1.4095e-17 4.41792e-19 1.4095e-17 6.28936e-34
Plastic strain_mean -8.104e-19 3.59547e-07 0 3.59547e-07 8.104e-19 0 0 0 0
Plastic strain_rate_mean 0 0 0 0 0 0 0 0 0
Dissipation 4.19021e-06
End step 7
Begin step 8
Stress 1.66491e-13 53.2407 -2.53865e-12 53.2407 -1.38743e-13 1.89751e-12 -2.53865e-12 1.89751e-12 8.33195e-15
Strain 0 0.000266667 0 0.000266667 0 0 0 0 0
Strain mean 5.54231e-20 0.000266667 -1.26932e-17 0.000266667 -1.20371e-34 9.48757e-18 -1.26932e-17 9.48757e-18 1.92593e-34
Plastic strain_mean -7.35372e-19 4.63336e-07 0 4.63336e-07 7.35372e-19 0 0 0 0
Plastic strain_rate_mean 0 0 0 0 0 0 0 0 0
Dissipation 5.52578e-06
End step 8
Begin step 9
Stress 7.7141e-14 59.883 -3.49828e-12 59.883 -9.57782e-14 3.75007e-12 -3.49828e-12 3.75007e-12 -5.59612e-15
Strain 0 0.0003 0 0.0003 0 0 0 0 0
Strain mean -3.72247e-20 0.0003 -1.74914e-17 0.0003 6.25927e-34 1.87504e-17 -1.74914e-17 1.87504e-17 -3.72246e-33
Plastic strain_mean -4.5091e-19 5.84911e-07 0 5.84911e-07 4.5091e-19 0 0 0 0
Plastic strain_rate_mean 0 0 0 0 0 0 0 0 0
Dissipation 7.28023e-06
End step 9
Begin step 10
Stress 1.19005e-13 66.5205 1.04064e-12 66.5205 -9.10235e-14 -3.81033e-13 1.04064e-12 -3.81033e-13 8.40181e-15
Strain 0 0.000333333 0 0.000333333 0 0 0 0 0
Strain mean 5.58879e-20 0.000333333 5.20318e-18 0.000333333 -5.37154e-33 -1.90517e-18 5.20318e-18 -1.90517e-18 3.42022e-33
Plastic strain_mean -4.97127e-19 7.30853e-07 0 7.30853e-07 4.97127e-19 0 0 0 0
Plastic strain_rate_mean 0 0 0 0 0 0 0 0 0
Dissipation 9.70807e-06
End step 10
Begin step 11
Stress 1.89773e-13 73.1508 -3.24339e-12 73.1508 -1.58534e-13 -1.2402e-12 -3.24339e-12 -1.2402e-12 9.37999e-15
Strain 0 0.000366667 0 0.000366667 0 0 0 0 0
Strain mean 6.23946e-20 0.000366667 -1.62169e-17 0.000366667 -9.87039e-34 -6.20099e-18 -1.62169e-17 -6.20099e-18 9.71993e-34
Plastic strain_mean -8.39568e-19 9.12737e-07 0 9.12737e-07 8.39568e-19 0 0 0 0
Plastic strain_rate_mean 0 0 0 0 0 0 0 0 0
Dissipation 1.33049e-05
End step 11
Begin step 12
Stress 7.90923e-14 79.7693 4.9224e-12 79.7693 -1.17923e-13 -1.00226e-12 4.9224e-12 -1.00226e-12 -1.16595e-14
Strain 0 0.0004 0 0.0004 0 0 0 0 0
Strain mean -7.75575e-20 0.0004 2.4612e-17 0.0004 -2.93704e-33 -5.01131e-18 2.4612e-17 -5.01131e-18 -2.1757e-33
Plastic strain_mean -5.31316e-19 1.1533e-06 0 1.1533e-06 5.31316e-19 0 0 0 0
Plastic strain_rate_mean 0 0 0 0 0 0 0 0 0
Dissipation 1.91898e-05
End step 12
Begin step 13
Stress 7.06706e-14 86.3655 1.04598e-12 86.3655 -4.57725e-14 -2.03962e-13 1.04598e-12 -2.03962e-13 7.47604e-15
Strain 0 0.000433333 0 0.000433333 0 0 0 0 0
Strain mean 4.97298e-20 0.000433333 5.22989e-18 0.000433333 -7.99261e-33 -1.01981e-18 5.22989e-18 -1.01981e-18 7.83349e-34
Plastic strain_mean -2.66243e-19 1.50578e-06 0 1.50578e-06 2.66243e-19 0 0 0 0
Plastic strain_rate_mean 0 0 0 0 0 0 0 0 0
Dissipation 3.04418e-05
End step 13
Begin step 14
Stress 5.58987e-14 92.9044 1.61239e-12 92.9044 -1.12297e-13 3.12198e-12 1.61239e-12 3.12198e-12 -1.69346e-14
Strain 0 0.000466667 0 0.000466667 0 0 0 0 0
Strain mean -1.12647e-19 0.000466667 8.06194e-18 0.000466667 4.17638e-31 1.56099e-17 8.06194e-18 1.56099e-17 -2.02223e-33
Plastic strain_mean -4.76814e-19 2.14487e-06 0 2.14487e-06 4.76814e-19 0 0 0 0
Plastic strain_rate_mean 0 0 0 0 0 0 0 0 0
Dissipation 5.93729e-05
End step 14
Begin step 15
Stress -9.15684e-13 99.0749 1.65876e-12 99.0749 9.24381e-13 3.4739e-12 1.65876e-12 3.4739e-12 2.61137e-15
Strain 0 0.0005 0 0.0005 0 0 0 0 0
Strain mean 1.73706e-20 0.0005 8.29382e-18 0.0005 -4.59816e-33 1.73695e-17 8.29382e-18 1.73695e-17 1.70776e-33
Plastic strain_mean 4.60885e-18 4.62549e-06 0 4.62549e-06 -4.60885e-18 0 0 0 0
Plastic strain_rate_mean 0 0 0 0 0 0 0 0 0
Dissipation 0.000245761
End step 15
Begin step 16
Stress -1.38021e-12 101.083 3.60815e-13 101.083 1.32512e-12 -2.80004e-12 3.60815e-13 -2.80004e-12 -1.65416e-14
Strain 0 0.000533333 0 0.000533333 0 0 0 0 0
Strain mean -1.10033e-19 0.000533333 1.80407e-18 0.000533333 1.90186e-33 -1.40002e-17 1.80407e-18 -1.40002e-17 2.42095e-33
Plastic strain_mean 6.70832e-18 2.79164e-05 0 2.79164e-05 -6.70832e-18 0 0 0 0
Plastic strain_rate_mean 0 0 0 0 0 0 0 0 0
Dissipation 0.00235412
End step 16
Begin step 17
Stress -2.84426e-12 101.176 -2.44554e-12 101.176 2.80513e-12 4.75762e-12 -2.44554e-12 4.75762e-12 -1.17468e-14
Strain 0 0.000566667 0 0.000566667 0 0 0 0 0
Strain mean -7.81385e-20 0.000566667 -1.22277e-17 0.000566667 -6.74075e-33 2.37881e-17 -1.22277e-17 2.37881e-17 1.58438e-33
Plastic strain_mean 1.40844e-17 6.0786e-05 0 6.0786e-05 -1.40844e-17 0 0 0 0
Plastic strain_rate_mean 0 0 0 0 0 0 0 0 0
Dissipation 0.00332521
End step 17
Begin step 18
Stress 2.7036e-12 101.199 2.18594e-13 101.199 -2.68966e-12 -4.49642e-12 2.18594e-13 -4.49642e-12 4.18344e-15
Strain 0 0.0006 0 0.0006 0 0 0 0 0
Strain mean 2.78278e-20 0.0006 1.09297e-18 0.0006 -4.81482e-34 -2.24821e-17 1.09297e-18 -2.24821e-17 -4.47177e-33
Plastic strain_mean -1.34692e-17 9.40053e-05 0 9.40053e-05 1.34692e-17 0 0 0 0
Plastic strain_rate_mean 0 0 0 0 0 0 0 0 0
Dissipation 0.00336121
End step 18
Begin step 19
Stress -4.35983e-13 101.22 1.83311e-12 101.22 4.27169e-13 -7.94882e-13 1.83311e-12 -7.94882e-13 -2.64631e-15
Strain 0 0.000633333 0 0.000633333 0 0 0 0 0
Strain mean -1.76029e-20 0.000633333 9.16554e-18 0.000633333 -9.18428e-33 -3.97441e-18 9.16554e-18 -3.97441e-18 1.83565e-34
Plastic strain_mean 2.14908e-18 0.000127235 0 0.000127235 -2.14908e-18 0 0 0 0
Plastic strain_rate_mean 0 0 0 0 0 0 0 0 0
Dissipation 0.00336282
End step 19
Begin step 20
Stress -5.53128e-13 101.24 9.40673e-13 101.24 5.77954e-13 -5.93817e-13 9.40673e-13 -5.93817e-13 7.45421e-15
Strain 0 0.000666667 0 0.000666667 0 0 0 0 0
Strain mean 4.95845e-20 0.000666667 4.70336e-18 0.000666667 -1.09537e-33 -2.96908e-18 4.70336e-18 -2.96908e-18 2.33218e-34
Plastic strain_mean 2.8525e-18 0.000160465 0 0.000160465 -2.8525e-18 0 0 0 0
Plastic strain_rate_mean 0 0 0 0 0 0 0 0 0
Dissipation 0.00336349
End step 20
Begin step 21
Stress -2.17369e-12 101.261 -4.77711e-12 101.261 2.11319e-12 -1.17242e-12 -4.77711e-12 -1.17242e-12 -1.81661e-14
Strain 0 0.0007 0 0.0007 0 0 0 0 0
Strain mean -1.20839e-19 0.0007 -2.38856e-17 0.0007 -3.97223e-33 -5.86212e-18 -2.38856e-17 -5.86212e-18 -1.03669e-33
Plastic strain_mean 1.06568e-17 0.000193696 0 0.000193696 -1.06568e-17 0 0 0 0
Plastic strain_rate_mean 0 0 0 0 0 0 0 0 0
Dissipation 0.00336411
End step 21
Begin step 22
Stress -1.40567e-12 101.281 -2.83957e-12 101.281 1.34529e-12 -8.66962e-13 -2.83957e-12 -8.66962e-13 -1.81312e-14
Strain 0 0.000733333 0 0.000733333 0 0 0 0 0
Strain mean -1.20606e-19 0.000733333 -1.41978e-17 0.000733333 1.49861e-33 -4.33481e-18 -1.41978e-17 -4.33481e-18 -1.15556e-33
Plastic strain_mean 6.81711e-18 0.000226927 0 0.000226927 -6.81711e-18 0 0 0 0
Plastic strain_rate_mean 0 0 0 0 0 0 0 0 0
Dissipation 0.0033647
End step 22
Begin step 23
Stress 2.98626e-12 101.302 -7.26898e-12 101.302 -2.97203e-12 2.46004e-12 -7.26898e-12 2.46004e-12 4.27078e-15
Strain 0 0.000766667 0 0.000766667 0 0 0 0 0
Strain mean 2.84087e-20 0.000766667 -3.63449e-17 0.000766667 4.30325e-34 1.23002e-17 -3.63449e-17 1.23002e-17 7.73682e-33
Plastic strain_mean -1.48815e-17 0.000260158 0 0.000260158 1.48815e-17 0 0 0 0
Plastic strain_rate_mean 0 0 0 0 0 0 0 0 0
Dissipation 0.00336528
End step 23
Begin step 24
Stress 2.41309e-12 101.322 -4.22268e-12 101.322 -2.44175e-12 1.81758e-12 -4.22268e-12 1.81758e-12 -8.60706e-15
Strain 0 0.0008 0 0.0008 0 0 0 0 0
Strain mean -5.72532e-20 0.0008 -2.11134e-17 0.0008 -3.44741e-32 9.0879e-18 -2.11134e-17 9.0879e-18 6.76934e-33
Plastic strain_mean -1.21657e-17 0.000293389 0 0.000293389 1.21657e-17 0 0 0 0
Plastic strain_rate_mean 0 0 0 0 0 0 0 0 0
Dissipation 0.00336586
End step 24
Begin step 25
Stress -1.53206e-12 101.343 -7.48815e-12 101.343 1.45929e-12 -2.25712e-12 -7.48815e-12 -2.25712e-12 -2.18517e-14
Strain 0 0.000833333 0 0.000833333 0 0 0 0 0
Strain mean -1.45355e-19 0.000833333 -3.74407e-17 0.000833333 -3.1838e-33 -1.12856e-17 -3.74407e-17 -1.12856e-17 5.7176e-34
Plastic strain_mean 7.40568e-18 0.00032662 0 0.00032662 -7.40568e-18 0 0 0 0
Plastic strain_rate_mean 0 0 0 0 0 0 0 0 0
Dissipation 0.00336644
End step 25
Begin step 26
Stress -1.12869e-12 101.363 -5.20442e-12 101.363 1.11306e-12 -1.61946e-12 -5.20442e-12 -1.61946e-12 -4.69436e-15
Strain 0 0.000866667 0 0.000866667 0 0 0 0 0
Strain mean -3.12264e-20 0.000866667 -2.60221e-17 0.000866667 2.02223e-33 -8.0973e-18 -2.60221e-17 -8.0973e-18 7.28242e-34
Plastic strain_mean 5.58875e-18 0.00035985 0 0.00035985 -5.58875e-18 0 0 0 0
Plastic strain_rate_mean 0 0 0 0 0 0 0 0 0
Dissipation 0.00336702
End step 26
Begin step 27
Stress -8.14487e-13 101.384 -3.73084e-12 101.384 8.08277e-13 -1.16774e-12 -3.73084e-12 -1.16774e-12 -1.86464e-15
Strain 0 0.0009 0 0.0009 0 0 0 0 0
Strain mean -1.24034e-20 0.0009 -1.86542e-17 0.0009 7.794e-34 -5.83872e-18 -1.86542e-17 -5.83872e-18 3.03936e-34
Plastic strain_mean 4.05071e-18 0.000393081 0 0.000393081 -4.05071e-18 0 0 0 0
Plastic strain_rate_mean 0 0 0 0 0 0 0 0 0
Dissipation 0.0033676
End step 27
Begin step 28
Stress 2.0924e-12 101.404 -4.07198e-13 101.404 -2.09239e-12 8.31134e-13 -4.07198e-13 8.31134e-13 4.36685e-18
Strain 0 0.000933333 0 0.000933333 0 0 0 0 0
Strain mean 2.90478e-23 0.000933333 -2.03599e-18 0.000933333 2.18593e-31 4.15567e-18 -2.03599e-18 4.15567e-18 4.9036e-33
Plastic strain_mean -1.0462e-17 0.000426311 0 0.000426311 1.0462e-17 0 0 0 0
Plastic strain_rate_mean 0 0 0 0 0 0 0 0 0
Dissipation 0.00336818
End step 28
Begin step 29
Stress -1.4923e-12 101.425 -2.15374e-13 101.425 1.57171e-12 4.45564e-13 -2.15374e-13 4.45564e-13 2.3843e-14
Strain 0 0.000966667 0 0.000966667 0 0 0 0 0
Strain mean 1.58601e-19 0.000966667 -1.07687e-18 0.000966667 7.70372e-34 2.22782e-18 -1.07687e-18 2.22782e-18 -2.22686e-34
Plastic strain_mean 7.73934e-18 0.000459542 0 0.000459542 -7.73934e-18 0 0 0 0
Plastic strain_rate_mean 0 0 0 0 0 0 0 0 0
Dissipation 0.00336876
End step 29
Begin step 30
Stress -1.11829e-12 101.446 -1.84324e-13 101.446 1.20275e-12 3.46309e-13 -1.84324e-13 3.46309e-13 2.53627e-14
Strain 0 0.001 0 0.001 0 0 0 0 0
Strain mean 1.68709e-19 0.001 -9.21621e-19 0.001 -1.4926e-33 1.73155e-18 -9.21621e-19 1.73155e-18 -2.43751e-34
Plastic strain_mean 5.88695e-18 0.000492772 0 0.000492772 -5.88695e-18 0 0 0 0
Plastic strain_rate_mean 0 0 0 0 0 0 0 0 0
Dissipation 0.00336934
End step 30
