Begin step 0
Stress 0 0 0 0 0 0 0 0 0
Strain 0 0 0 0 0 0 0 0 0
Strain mean 0 0 0 0 0 0 0 0 0
Plastic strain_mean 0 0 0 0 0 0 0 0 0
Plastic strain_rate_mean 0 0 0 0 0 0 0 0 0
Dissipation 0
End step 0
Begin step 1
Stress 1.69681e-14 6.66538 6.93117e-12 6.66538 -1.37132e-14 -2.11462e-12 6.93117e-12 -2.11462e-12 9.77355e-16
Strain 0 3.33333e-05 0 3.33333e-05 0 0 0 0 0
Strain mean 6.50125e-21 3.33333e-05 3.46558e-17 3.33333e-05 1.54074e-33 -1.05731e-17 3.46558e-17 -1.05731e-17 -1.20897e-33
Plastic strain_mean -7.34526e-20 6.43472e-09 0 6.43472e-09 7.34526e-20 0 0 0 0
Plastic strain_rate_mean 0 0 0 0 0 0 0 0 0
Dissipation 4.28898e-08
End step 1
Begin step 2
Stress 1.71833e-15 13.3295 -5.91859e-12 13.3295 3.61177e-15 3.5444e-12 -5.91859e-12 3.5444e-12 1.60045e-15
Strain 0 6.66667e-05 0 6.66667e-05 0 0 0 0 0
Strain mean 1.0646e-20 6.66667e-05 -2.95929e-17 6.66667e-05 3.80371e-33 1.7722e-17 -2.95929e-17 1.7722e-17 -3.91806e-33
Plastic strain_mean 1.00566e-20 1.93627e-08 0 1.93627e-08 -1.00566e-20 0 0 0 0
Plastic strain_rate_mean 0 0 0 0 0 0 0 0 0
Dissipation 1.72322e-07
End step 2
Begin step 3
Stress 5.74797e-16 19.9922 -4.78945e-13 19.9922 -1.30965e-14 -1.2808e-13 -4.78945e-13 -1.2808e-13 -3.75986e-15
Strain 0 0.0001 0 0.0001 0 0 0 0 0
Strain mean -2.50101e-20 0.0001 -2.39472e-18 0.0001 4.21297e-33 -6.40398e-19 -2.39472e-18 -6.40398e-19 1.20672e-33
Plastic strain_mean -4.66834e-20 3.89054e-08 0 3.89054e-08 4.66834e-20 0 0 0 0
Plastic strain_rate_mean 0 0 0 0 0 0 0 0 0
Dissipation 3.90702e-07
End step 3
Begin step 4
Stress -2.40489e-15 26.6536 -1.86492e-12 26.6536 5.86988e-16 -5.97532e-13 -1.86492e-12 -5.97532e-13 -5.45856e-16
Strain 0 0.000133333 0 0.000133333 0 0 0 0 0
Strain mean -3.63097e-21 0.000133333 -9.32462e-18 0.000133333 -1.20371e-35 -2.98766e-18 -9.32462e-18 -2.98766e-18 8.65164e-34
Plastic strain_mean 5.66422e-21 6.52546e-08 0 6.52546e-08 -5.66422e-21 0 0 0 0
Plastic strain_rate_mean 0 0 0 0 0 0 0 0 0
Dissipation 7.02302e-07
End step 4
Begin step 5
Stress 1.3582e-14 33.3136 2.8905e-12 33.3136 -2.54566e-14 4.81756e-13 2.8905e-12 4.81756e-13 -3.56553e-15
Strain 0 0.000166667 0 0.000166667 0 0 0 0 0
Strain mean -2.37175e-20 0.000166667 1.44525e-17 0.000166667 3.88195e-34 2.40878e-18 1.44525e-17 2.40878e-18 2.0463e-33
Plastic strain_mean -1.09455e-19 9.86844e-08 0 9.86844e-08 1.09455e-19 0 0 0 0
Plastic strain_rate_mean 0 0 0 0 0 0 0 0 0
Dissipation 1.11366e-06
End step 5
Begin step 6
Stress 4.15011e-14 39.9721 -1.96926e-12 39.9721 -1.24535e-15 4.40965e-13 -1.96926e-12 4.40965e-13 1.20874e-14
Strain 0 0.0002 0 0.0002 0 0 0 0 0
Strain mean 8.04042e-20 0.0002 -9.84629e-18 0.0002 -2.64815e-34 2.20482e-18 -9.84629e-18 2.20482e-18 5.40464e-33
Plastic strain_mean -6.66639e-20 1.3957e-07 0 1.3957e-07 6.66639e-20 0 0 0 0
Plastic strain_rate_mean 0 0 0 0 0 0 0 0 0
Dissipation 1.63427e-06
End step 6
Begin step 7
Stress 1.51177e-14 46.629 -2.44249e-12 46.629 4.28295e-15 -1.60885e-12 -2.44249e-12 -1.60885e-12 5.82537e-15
Strain 0 0.000233333 0 0.000233333 0 0 0 0 0
Strain mean 3.87497e-20 0.000233333 -1.22124e-17 0.000233333 4.81482e-34 -8.04424e-18 -1.22124e-17 -8.04424e-18 1.54608e-33
Plastic strain_mean -7.71211e-21 1.88417e-07 0 1.88417e-07 7.71211e-21 0 0 0 0
Plastic strain_rate_mean 0 0 0 0 0 0 0 0 0
Dissipation 2.27769e-06
End step 7
Begin step 8
Stress -2.32554e-14 53.2842 -4.56684e-12 53.2842 2.78656e-14 -3.49298e-12 -4.56684e-12 -3.49298e-12 1.38429e-15
Strain 0 0.000266667 0 0.000266667 0 0 0 0 0
Strain mean 9.20814e-21 0.000266667 -2.28342e-17 0.000266667 1.66111e-33 -1.74649e-17 -2.28342e-17 -1.74649e-17 3.60886e-33
Plastic strain_mean 1.32406e-19 2.4591e-07 0 2.4591e-07 -1.32406e-19 0 0 0 0
Plastic strain_rate_mean 0 0 0 0 0 0 0 0 0
Dissipation 3.06348e-06
End step 8
Begin step 9
Stress -2.45708e-14 59.9374 3.1921e-12 59.9374 2.36836e-14 -2.93641e-12 3.1921e-12 -2.93641e-12 -2.66378e-16
Strain 0 0.0003 0 0.0003 0 0 0 0 0
Strain mean -1.77191e-21 0.0003 1.59605e-17 0.0003 -2.40741e-35 -1.4682e-17 1.59605e-17 -1.4682e-17 3.56899e-33
Plastic strain_mean 1.1975e-19 3.12991e-07 0 3.12991e-07 -1.1975e-19 0 0 0 0
Plastic strain_rate_mean 0 0 0 0 0 0 0 0 0
Dissipation 4.02061e-06
End step 9
Begin step 10
Stress 4.3283e-15 66.5885 3.04675e-12 66.5885 1.5865e-14 -7.50169e-15 3.04675e-12 -7.50169e-15 6.06337e-15
Strain 0 0.000333333 0 0.000333333 0 0 0 0 0
Strain mean 4.03328e-20 0.000333333 1.52337e-17 0.000333333 -1.20371e-35 -3.75084e-20 1.52337e-17 -3.75084e-20 -1.97107e-33
Plastic strain_mean 4.90082e-20 3.90993e-07 0 3.90993e-07 -4.90082e-20 0 0 0 0
Plastic strain_rate_mean 0 0 0 0 0 0 0 0 0
Dissipation 5.19404e-06
End step 10
Begin step 11
Stress -4.47983e-14 73.237 -4.17403e-12 73.237 1.94276e-14 2.29606e-12 -4.17403e-12 2.29606e-12 -7.61797e-15
Strain 0 0.000366667 0 0.000366667 0 0 0 0 0
Strain mean -5.06738e-20 0.000366667 -2.08702e-17 0.000366667 -4.49885e-34 1.14803e-17 -2.08702e-17 1.14803e-17 -5.20603e-34
Plastic strain_mean 1.35228e-19 4.81912e-07 0 4.81912e-07 -1.35228e-19 0 0 0 0
Plastic strain_rate_mean 0 0 0 0 0 0 0 0 0
Dissipation 6.65864e-06
End step 11
Begin step 12
Stress -5.24261e-14 79.8822 -4.96835e-12 79.8822 4.43401e-14 2.02554e-12 -4.96835e-12 2.02554e-12 -2.42797e-15
Strain 0 0.0004 0 0.0004 0 0 0 0 0
Strain mean -1.61506e-20 0.0004 -2.48417e-17 0.0004 2.4676e-33 1.01277e-17 -2.48417e-17 1.01277e-17 -2.28027e-33
Plastic strain_mean 2.3384e-19 5.8899e-07 0 5.8899e-07 -2.3384e-19 0 0 0 0
Plastic strain_rate_mean 0 0 0 0 0 0 0 0 0
Dissipation 8.55354e-06
End step 12
Begin step 13
Stress -9.35252e-14 86.523 -4.15187e-12 86.523 7.35428e-14 -3.63765e-13 -4.15187e-12 -3.63765e-13 -6.00005e-15
Strain 0 0.000433333 0 0.000433333 0 0 0 0 0
Strain mean -3.99116e-20 0.000433333 -2.07593e-17 0.000433333 -5.92825e-34 -1.81883e-18 -2.07593e-17 -1.81883e-18 8.75094e-33
Plastic strain_mean 3.97714e-19 7.18305e-07 0 7.18305e-07 -3.97714e-19 0 0 0 0
Plastic strain_rate_mean 0 0 0 0 0 0 0 0 0
Dissipation 1.11887e-05
End step 13
Begin step 14
Stress -7.16936e-14 93.1563 1.53675e-12 93.1563 7.82381e-14 1.62773e-13 1.53675e-12 1.62773e-13 1.96508e-15
Strain 0 0.000466667 0 0.000466667 0 0 0 0 0
Strain mean 1.30715e-20 0.000466667 7.68376e-18 0.000466667 -9.29299e-33 8.13866e-19 7.68376e-18 8.13866e-19 1.15857e-33
Plastic strain_mean 3.81365e-19 8.85342e-07 0 8.85342e-07 -3.81365e-19 0 0 0 0
Plastic strain_rate_mean 0 0 0 0 0 0 0 0 0
Dissipation 1.55605e-05
End step 14
Begin step 15
Stress -9.04376e-13 99.7357 1.16739e-13 99.7357 9.24155e-13 1.95692e-12 1.16739e-13 1.95692e-12 5.93891e-15
Strain 0 0.0005 0 0.0005 0 0 0 0 0
Strain mean 3.9505e-20 0.0005 5.83697e-19 0.0005 -3.63519e-32 9.78462e-18 5.83697e-19 9.78462e-18 -9.35731e-33
Plastic strain_mean 4.59108e-18 1.32175e-06 0 1.32175e-06 -4.59108e-18 0 0 0 0
Plastic strain_rate_mean 0 0 0 0 0 0 0 0 0
Dissipation 4.35241e-05
End step 15
Begin step 16
Stress -1.98368e-12 100.021 -9.83568e-13 100.021 1.99428e-12 -9.14709e-13 -9.83568e-13 -9.14709e-13 3.18343e-15
Strain 0 0.000533333 0 0.000533333 0 0 0 0 0
Strain mean 2.11758e-20 0.000533333 -4.91784e-18 0.000533333 6.83705e-33 -4.57354e-18 -4.91784e-18 -4.57354e-18 5.96963e-34
Plastic strain_mean 9.95547e-18 3.32302e-05 0 3.32302e-05 -9.95547e-18 0 0 0 0
Plastic strain_rate_mean 0 0 0 0 0 0 0 0 0
Dissipation 0.00319142
End step 16
Begin step 17
Stress -8.53075e-13 100.041 4.62405e-13 100.041 8.62936e-13 -2.20553e-13 4.62405e-13 -2.20553e-13 2.96072e-15
Strain 0 0.000566667 0 0.000566667 0 0 0 0 0
Strain mean 1.96944e-20 0.000566667 2.31203e-18 0.000566667 -4.11668e-33 -1.10277e-18 2.31203e-18 -1.10277e-18 -9.0278e-36
Plastic strain_mean 4.29988e-18 6.64605e-05 0 6.64605e-05 -4.29988e-18 0 0 0 0
Plastic strain_rate_mean 0 0 0 0 0 0 0 0 0
Dissipation 0.0033242
End step 17
Begin step 18
Stress 2.58121e-13 100.062 1.87777e-12 100.062 -2.75398e-13 4.73602e-13 1.87777e-12 4.73602e-13 -5.18781e-15
Strain 0 0.0006 0 0.0006 0 0 0 0 0
Strain mean -3.45087e-20 0.0006 9.38884e-18 0.0006 1.44505e-32 2.36801e-18 9.38884e-18 2.36801e-18 -1.76042e-33
Plastic strain_mean -1.35105e-18 9.96907e-05 0 9.96907e-05 1.35105e-18 0 0 0 0
Plastic strain_rate_mean 0 0 0 0 0 0 0 0 0
Dissipation 0.00332479
End step 18
Begin step 19
Stress 1.43661e-12 100.082 3.27933e-12 100.082 -1.38582e-12 1.16776e-12 3.27933e-12 1.16776e-12 1.5249e-14
Strain 0 0.000633333 0 0.000633333 0 0 0 0 0
Strain mean 1.01435e-19 0.000633333 1.63966e-17 0.000633333 9.9378e-32 5.83878e-18 1.63966e-17 5.83878e-18 -2.92012e-33
Plastic strain_mean -7.00536e-18 0.000132921 0 0.000132921 7.00536e-18 0 0 0 0
Plastic strain_rate_mean 0 0 0 0 0 0 0 0 0
Dissipation 0.00332537
End step 19
Begin step 20
Stress 2.53948e-12 100.103 4.70825e-12 100.103 -2.52721e-12 1.86191e-12 4.70825e-12 1.86191e-12 3.68562e-15
Strain 0 0.000666667 0 0.000666667 0 0 0 0 0
Strain mean 2.45163e-20 0.000666667 2.35413e-17 0.000666667 1.46034e-31 9.30956e-18 2.35413e-17 9.30956e-18 -9.30051e-34
Plastic strain_mean -1.26545e-17 0.000166151 0 0.000166151 1.26545e-17 0 0 0 0
Plastic strain_rate_mean 0 0 0 0 0 0 0 0 0
Dissipation 0.00332596
End step 20
Begin step 21
Stress 3.69149e-12 100.124 6.15363e-12 100.124 -3.65032e-12 2.55607e-12 6.15363e-12 2.55607e-12 1.23625e-14
Strain 0 0.0007 0 0.0007 0 0 0 0 0
Strain mean 8.22342e-20 0.0007 3.07681e-17 0.0007 -4.91112e-33 1.27803e-17 3.07681e-17 1.27803e-17 -5.64896e-33
Plastic strain_mean -1.83134e-17 0.000199381 0 0.000199381 1.83134e-17 0 0 0 0
Plastic strain_rate_mean 0 0 0 0 0 0 0 0 0
Dissipation 0.00332655
End step 21
Begin step 22
Stress 4.8345e-12 100.144 7.54953e-12 100.144 -4.77554e-12 3.25022e-12 7.54953e-12 3.25022e-12 1.77032e-14
Strain 0 0.000733333 0 0.000733333 0 0 0 0 0
Strain mean 1.1776e-19 0.000733333 3.77477e-17 0.000733333 -7.44372e-32 1.62511e-17 3.77477e-17 1.62511e-17 -4.3561e-33
Plastic strain_mean -2.39662e-17 0.000232612 0 0.000232612 2.39662e-17 0 0 0 0
Plastic strain_rate_mean 0 0 0 0 0 0 0 0 0
Dissipation 0.00332714
End step 22
Begin step 23
Stress 5.87329e-12 100.165 8.97289e-12 100.165 -5.94826e-12 3.94438e-12 8.97289e-12 3.94438e-12 -2.25111e-14
Strain 0 0.000766667 0 0.000766667 0 0 0 0 0
Strain mean -1.49741e-19 0.000766667 4.48645e-17 0.000766667 -1.84986e-31 1.97219e-17 4.48645e-17 1.97219e-17 -4.33165e-33
Plastic strain_mean -2.96287e-17 0.000265842 0 0.000265842 2.96287e-17 0 0 0 0
Plastic strain_rate_mean 0 0 0 0 0 0 0 0 0
Dissipation 0.00332772
End step 23
Begin step 24
Stress 6.99743e-12 100.186 1.04202e-11 100.186 -7.0786e-12 4.63853e-12 1.04202e-11 4.63853e-12 -2.43714e-14
Strain 0 0.0008 0 0.0008 0 0 0 0 0
Strain mean -1.62116e-19 0.0008 5.21008e-17 0.0008 -3.26445e-31 2.31927e-17 5.21008e-17 2.31927e-17 -2.79815e-33
Plastic strain_mean -3.52711e-17 0.000299072 0 0.000299072 3.52711e-17 0 0 0 0
Plastic strain_rate_mean 0 0 0 0 0 0 0 0 0
Dissipation 0.00332831
End step 24
Begin step 25
Stress 8.1214e-12 100.206 1.18006e-11 100.206 -8.21066e-12 5.33269e-12 1.18006e-11 5.33269e-12 -2.68037e-14
Strain 0 0.000833333 0 0.000833333 0 0 0 0 0
Strain mean -1.78295e-19 0.000833333 5.90031e-17 0.000833333 -3.75556e-32 2.66634e-17 5.90031e-17 2.66634e-17 -1.17444e-32
Plastic strain_mean -4.09193e-17 0.000332302 0 0.000332302 4.09193e-17 0 0 0 0
Plastic strain_rate_mean 0 0 0 0 0 0 0 0 0
Dissipation 0.0033289
End step 25
Begin step 26
Stress 9.23721e-12 100.227 1.32246e-11 100.227 -9.34676e-12 6.02684e-12 1.32246e-11 6.02684e-12 -3.28955e-14
Strain 0 0.000866667 0 0.000866667 0 0 0 0 0
Strain mean -2.18817e-19 0.000866667 6.61228e-17 0.000866667 -2.10889e-31 3.01342e-17 6.61228e-17 3.01342e-17 -6.6314e-33
Plastic strain_mean -4.65693e-17 0.000365533 0 0.000365533 4.65693e-17 0 0 0 0
Plastic strain_rate_mean 0 0 0 0 0 0 0 0 0
Dissipation 0.00332949
End step 26
Begin step 27
Stress 1.04123e-11 100.247 1.46057e-11 100.247 -1.04568e-11 6.721e-12 1.46057e-11 6.721e-12 -1.33669e-14
Strain 0 0.0009 0 0.0009 0 0 0 0 0
Strain mean -8.89152e-20 0.0009 7.30283e-17 0.0009 1.36163e-31 3.3605e-17 7.30283e-17 3.3605e-17 -2.30526e-33
Plastic strain_mean -5.22173e-17 0.000398763 0 0.000398763 5.22173e-17 0 0 0 0
Plastic strain_rate_mean 0 0 0 0 0 0 0 0 0
Dissipation 0.00333008
End step 27
Begin step 28
Stress 1.1596e-11 100.268 1.60053e-11 100.268 -1.15629e-11 7.41515e-12 1.60053e-11 7.41515e-12 9.91274e-15
Strain 0 0.000933333 0 0.000933333 0 0 0 0 0
Strain mean 6.59384e-20 0.000933333 8.00266e-17 0.000933333 -5.28475e-31 3.70758e-17 8.00266e-17 3.70758e-17 -2.71417e-33
Plastic strain_mean -5.78643e-17 0.000431993 0 0.000431993 5.78643e-17 0 0 0 0
Plastic strain_rate_mean 0 0 0 0 0 0 0 0 0
Dissipation 0.00333066
End step 28
Begin step 29
Stress 1.26298e-11 100.289 1.7494e-11 100.289 -1.27391e-11 8.10931e-12 1.7494e-11 8.10931e-12 -3.27994e-14
Strain 0 0.000966667 0 0.000966667 0 0 0 0 0
Strain mean -2.18178e-19 0.000966667 8.74698e-17 0.000966667 -1.95097e-31 4.05465e-17 8.74698e-17 4.05465e-17 -1.00564e-32
Plastic strain_mean -6.35314e-17 0.000465223 0 0.000465223 6.35314e-17 0 0 0 0
Plastic strain_rate_mean 0 0 0 0 0 0 0 0 0
Dissipation 0.00333125
End step 29
Begin step 30
Stress 1.37787e-11 100.309 1.88751e-11 100.309 -1.38613e-11 8.80346e-12 1.88751e-11 8.80346e-12 -2.48081e-14
Strain 0 0.001 0 0.001 0 0 0 0 0
Strain mean -1.6502e-19 0.001 9.43753e-17 0.001 5.84712e-31 4.40173e-17 9.43753e-17 4.40173e-17 -1.0625e-32
Plastic strain_mean -6.91827e-17 0.000498454 0 0.000498454 6.91827e-17 0 0 0 0
Plastic strain_rate_mean 0 0 0 0 0 0 0 0 0
Dissipation 0.00333184
End step 30
