Begin step 0
Stress 0 0 0 0 0 0 0 0 0
Strain 0 0 0 0 0 0 0 0 0
Strain mean 0 0 0 0 0 0 0 0 0
Plastic strain_mean 0 0 0 0 0 0 0 0 0
Plastic strain_rate_mean 0 0 0 0 0 0 0 0 0
Dissipation 0
End step 0
Begin step 1
Stress 2.06513e-13 6.26417 4.64463e-14 6.26417 -2.06979e-13 -1.56773e-12 4.64463e-14 -1.56773e-12 -1.39739e-16
Strain 0 3.33333e-05 0 3.33333e-05 0 0 0 0 0
Strain mean -9.29529e-22 3.33333e-05 2.32232e-19 3.33333e-05 -2.52538e-32 -7.83863e-18 2.32232e-19 -7.83863e-18 2.49468e-33
Plastic strain_mean -1.0342e-18 2.01246e-06 0 2.01246e-06 1.0342e-18 0 0 0 0
Plastic strain_rate_mean 0 0 0 0 0 0 0 0 0
Dissipation 1.2605e-05
End step 1
Begin step 2
Stress 3.55607e-13 12.1502 4.80152e-14 12.1502 -3.55643e-13 -1.36594e-12 4.80152e-14 -1.36594e-12 -1.09171e-17
Strain 0 6.66667e-05 0 6.66667e-05 0 0 0 0 0
Strain mean -7.26194e-23 6.66667e-05 2.40076e-19 6.66667e-05 2.57352e-32 -6.82968e-18 2.40076e-19 -6.82968e-18 1.43692e-33
Plastic strain_mean -1.77816e-18 5.91559e-06 0 5.91559e-06 1.77816e-18 0 0 0 0
Plastic strain_rate_mean 0 0 0 0 0 0 0 0 0
Dissipation 4.74157e-05
End step 2
Begin step 3
Stress 4.4982e-13 17.681 4.5331e-14 17.681 -4.62342e-13 -1.18707e-12 4.5331e-14 -1.18707e-12 -3.75986e-15
Strain 0 0.0001 0 0.0001 0 0 0 0 0
Strain mean -2.50101e-20 0.0001 2.26655e-19 0.0001 -4.99297e-32 -5.93536e-18 2.26655e-19 -5.93536e-18 1.62952e-33
Plastic strain_mean -2.29291e-18 1.15949e-05 0 1.15949e-05 2.29291e-18 0 0 0 0
Plastic strain_rate_mean 0 0 0 0 0 0 0 0 0
Dissipation 0.000100393
End step 3
Begin step 4
Stress 5.26777e-13 22.8781 4.90927e-14 22.8781 -5.26115e-13 -1.0315e-12 4.90927e-14 -1.0315e-12 1.98692e-16
Strain 0 0.000133333 0 0.000133333 0 0 0 0 0
Strain mean 1.32167e-21 0.000133333 2.45464e-19 0.000133333 -2.6626e-32 -5.1575e-18 2.45464e-19 -5.1575e-18 1.17963e-33
Plastic strain_mean -2.63157e-18 1.89429e-05 0 1.89429e-05 2.63157e-18 0 0 0 0
Plastic strain_rate_mean 0 0 0 0 0 0 0 0 0
Dissipation 0.000168058
End step 4
Begin step 5
Stress 5.54995e-13 27.7616 5.16524e-14 27.7616 -5.71622e-13 -8.96193e-13 5.16524e-14 -8.96193e-13 -4.9924e-15
Strain 0 0.000166667 0 0.000166667 0 0 0 0 0
Strain mean -3.32089e-20 0.000166667 2.58262e-19 0.000166667 4.81482e-35 -4.48097e-18 2.58262e-19 -4.48097e-18 8.89238e-34
Plastic strain_mean -2.83315e-18 2.78584e-05 0 2.78584e-05 2.83315e-18 0 0 0 0
Plastic strain_rate_mean 0 0 0 0 0 0 0 0 0
Dissipation 0.000247421
End step 5
Begin step 6
Stress 1.09727e-12 32.3507 4.12962e-12 32.3507 -1.08176e-12 -1.81602e-12 4.12962e-12 -1.81602e-12 4.65724e-15
Strain 0 0.0002 0 0.0002 0 0 0 0 0
Strain mean 3.09794e-20 0.0002 2.06481e-17 0.0002 2.78177e-32 -9.08012e-18 2.06481e-17 -9.08012e-18 3.96621e-33
Plastic strain_mean -5.43206e-18 3.82465e-05 0 3.82465e-05 5.43206e-18 0 0 0 0
Plastic strain_rate_mean 0 0 0 0 0 0 0 0 0
Dissipation 0.00033592
End step 6
Begin step 7
Stress 1.42877e-12 36.6631 3.65382e-12 36.6631 -1.4571e-12 -1.65272e-12 3.65382e-12 -1.65272e-12 -8.5088e-15
Strain 0 0.000233333 0 0.000233333 0 0 0 0 0
Strain mean -5.65996e-20 0.000233333 1.82691e-17 0.000233333 2.3713e-32 -8.26362e-18 1.82691e-17 -8.26362e-18 4.34538e-33
Plastic strain_mean -7.24297e-18 5.00178e-05 0 5.00178e-05 7.24297e-18 0 0 0 0
Plastic strain_rate_mean 0 0 0 0 0 0 0 0 0
Dissipation 0.000431366
End step 7
Begin step 8
Stress 1.69468e-12 40.7156 3.20692e-12 40.7156 -1.67946e-12 -1.49944e-12 3.20692e-12 -1.49944e-12 4.56772e-15
Strain 0 0.000266667 0 0.000266667 0 0 0 0 0
Strain mean 3.0384e-20 0.000266667 1.60346e-17 0.000266667 -1.2988e-32 -7.4972e-18 1.60346e-17 -7.4972e-18 2.88288e-33
Plastic strain_mean -8.42016e-18 6.30886e-05 0 6.30886e-05 8.42016e-18 0 0 0 0
Plastic strain_rate_mean 0 0 0 0 0 0 0 0 0
Dissipation 0.000531892
End step 8
Begin step 9
Stress 1.40439e-12 44.523 5.88999e-13 44.523 -1.41445e-12 -2.28633e-12 5.88999e-13 -2.28633e-12 -3.02186e-15
Strain 0 0.0003 0 0.0003 0 0 0 0 0
Strain mean -2.01011e-20 0.0003 2.94499e-18 0.0003 -2.38454e-32 -1.14317e-17 2.94499e-18 -1.14317e-17 2.54433e-33
Plastic strain_mean -7.05716e-18 7.7385e-05 0 7.7385e-05 7.05716e-18 0 0 0 0
Plastic strain_rate_mean 0 0 0 0 0 0 0 0 0
Dissipation 0.000636127
End step 9
Begin step 10
Stress 1.40408e-12 48.0967 1.59991e-12 48.0967 -1.41432e-12 -1.21922e-12 1.59991e-12 -1.21922e-12 -3.07644e-15
Strain 0 0.000333333 0 0.000333333 0 0 0 0 0
Strain mean -2.04642e-20 0.000333333 7.99956e-18 0.000333333 -2.23023e-31 -6.09611e-18 7.99956e-18 -6.09611e-18 2.97315e-33
Plastic strain_mean -7.05623e-18 9.285e-05 0 9.285e-05 7.05623e-18 0 0 0 0
Plastic strain_rate_mean 0 0 0 0 0 0 0 0 0
Dissipation 0.000743298
End step 10
Begin step 11
Stress 1.60739e-12 51.443 -5.41356e-13 51.443 -1.62843e-12 5.2214e-12 -5.41356e-13 5.2214e-12 -6.31883e-15
Strain 0 0.000366667 0 0.000366667 0 0 0 0 0
Strain mean -4.20321e-20 0.000366667 -2.70678e-18 0.000366667 -2.1686e-31 2.6107e-17 -2.70678e-18 2.6107e-17 -4.87501e-34
Plastic strain_mean -8.11058e-18 0.000109451 0 0.000109451 8.11058e-18 0 0 0 0
Plastic strain_rate_mean 0 0 0 0 0 0 0 0 0
Dissipation 0.000853368
End step 11
Begin step 12
Stress 1.02802e-12 54.554 4.1293e-13 54.554 -9.95353e-13 -8.27374e-13 4.1293e-13 -8.27374e-13 9.80794e-15
Strain 0 0.0004 0 0.0004 0 0 0 0 0
Strain mean 6.52413e-20 0.0004 2.06465e-18 0.0004 1.70349e-31 -4.13687e-18 2.06465e-18 -4.13687e-18 -1.96806e-33
Plastic strain_mean -5.0258e-18 0.00012723 0 0.00012723 5.0258e-18 0 0 0 0
Plastic strain_rate_mean 0 0 0 0 0 0 0 0 0
Dissipation 0.000969047
End step 12
Begin step 13
Stress 5.45946e-13 57.4191 -4.22699e-13 57.4191 -5.38675e-13 5.71534e-12 -4.22699e-13 5.71534e-12 2.18342e-15
Strain 0 0.000433333 0 0.000433333 0 0 0 0 0
Strain mean 1.45239e-20 0.000433333 -2.11349e-18 0.000433333 -3.27504e-31 2.85767e-17 -2.11349e-18 2.85767e-17 -1.94399e-33
Plastic strain_mean -2.70429e-18 0.000146238 0 0.000146238 2.70429e-18 0 0 0 0
Plastic strain_rate_mean 0 0 0 0 0 0 0 0 0
Dissipation 0.00109033
End step 13
Begin step 14
Stress 1.68731e-13 60.0313 1.65282e-12 60.0313 -1.98799e-13 5.55568e-12 1.65282e-12 5.55568e-12 -9.02846e-15
Strain 0 0.000466667 0 0.000466667 0 0 0 0 0
Strain mean -6.00563e-20 0.000466667 8.2641e-18 0.000466667 -8.89539e-32 2.77784e-17 8.2641e-18 2.77784e-17 -9.75002e-34
Plastic strain_mean -9.48855e-19 0.00016651 0 0.00016651 9.48855e-19 0 0 0 0
Plastic strain_rate_mean 0 0 0 0 0 0 0 0 0
Dissipation 0.00121565
End step 14
Begin step 15
Stress 9.54128e-13 62.3875 -3.69421e-12 62.3875 -1.01003e-12 -1.43366e-12 -3.69421e-12 -1.43366e-12 -1.67862e-14
Strain 0 0.0005 0 0.0005 0 0 0 0 0
Strain mean -1.1166e-19 0.0005 -1.8471e-17 0.0005 5.56594e-32 -7.16832e-18 -1.8471e-17 -7.16832e-18 -1.44445e-34
Plastic strain_mean -4.96623e-18 0.000188063 0 0.000188063 4.96623e-18 0 0 0 0
Plastic strain_rate_mean 0 0 0 0 0 0 0 0 0
Dissipation 0.00134299
End step 15
Begin step 16
Stress 2.12101e-12 64.4892 -3.00085e-12 64.4892 -2.13108e-12 1.65177e-12 -3.00085e-12 1.65177e-12 -3.02186e-15
Strain 0 0.000533333 0 0.000533333 0 0 0 0 0
Strain mean -2.01011e-20 0.000533333 -1.50043e-17 0.000533333 2.26297e-32 8.25886e-18 -1.50043e-17 8.25886e-18 -1.42338e-33
Plastic strain_mean -1.06403e-17 0.000210887 0 0.000210887 1.06403e-17 0 0 0 0
Plastic strain_rate_mean 0 0 0 0 0 0 0 0 0
Dissipation 0.00147001
End step 16
Begin step 17
Stress 2.64226e-12 66.3429 -3.43653e-12 66.3429 -2.69368e-12 -3.12277e-13 -3.43653e-12 -3.12277e-13 -1.54412e-14
Strain 0 0.000566667 0 0.000566667 0 0 0 0 0
Strain mean -1.02713e-19 0.000566667 -1.71826e-17 0.000566667 -9.5815e-32 -1.56139e-18 -1.71826e-17 -1.56139e-18 -7.04168e-34
Plastic strain_mean -1.33912e-17 0.000234952 0 0.000234952 1.33912e-17 0 0 0 0
Plastic strain_rate_mean 0 0 0 0 0 0 0 0 0
Dissipation 0.00159426
End step 17
Begin step 18
Stress 2.11249e-13 67.9586 -2.3733e-12 67.9586 -1.88096e-13 -6.04475e-12 -2.3733e-12 -6.04475e-12 6.95202e-15
Strain 0 0.0006 0 0.0006 0 0 0 0 0
Strain mean 4.6244e-20 0.0006 -1.18665e-17 0.0006 -1.96734e-31 -3.02237e-17 -1.18665e-17 -3.02237e-17 -3.61112e-34
Plastic strain_mean -9.7524e-19 0.000260207 0 0.000260207 9.7524e-19 0 0 0 0
Plastic strain_rate_mean 0 0 0 0 0 0 0 0 0
Dissipation 0.00171361
End step 18
Begin step 19
Stress -1.14469e-12 69.3507 -1.76039e-12 69.3507 1.15956e-12 -6.19623e-12 -1.76039e-12 -6.19623e-12 4.46292e-15
Strain 0 0.000633333 0 0.000633333 0 0 0 0 0
Strain mean 2.96868e-20 0.000633333 -8.80194e-18 0.000633333 1.54363e-31 -3.09811e-17 -8.80194e-18 -3.09811e-17 -5.56714e-34
Plastic strain_mean 5.77547e-18 0.00028658 0 0.00028658 -5.77547e-18 0 0 0 0
Plastic strain_rate_mean 0 0 0 0 0 0 0 0 0
Dissipation 0.00182593
End step 19
Begin step 20
Stress -1.14524e-12 70.5368 1.87072e-12 70.5368 1.17282e-12 3.23977e-12 1.87072e-12 3.23977e-12 8.27954e-15
Strain 0 0.000666667 0 0.000666667 0 0 0 0 0
Strain mean 5.50746e-20 0.000666667 9.35359e-18 0.000666667 8.28812e-32 1.61988e-17 9.35359e-18 1.61988e-17 2.15463e-33
Plastic strain_mean 5.82268e-18 0.000313983 0 0.000313983 -5.82268e-18 0 0 0 0
Plastic strain_rate_mean 0 0 0 0 0 0 0 0 0
Dissipation 0.00192938
End step 20
Begin step 21
Stress -2.82979e-12 71.5375 -2.92017e-12 71.5375 2.86455e-12 5.28272e-12 -2.92017e-12 5.28272e-12 1.04368e-14
Strain 0 0.0007 0 0.0007 0 0 0 0 0
Strain mean 6.94242e-20 0.0007 -1.46009e-17 0.0007 -4.87501e-32 2.64136e-17 -1.46009e-17 2.64136e-17 -1.87929e-33
Plastic strain_mean 1.42705e-17 0.000342313 0 0.000342313 -1.42705e-17 0 0 0 0
Plastic strain_rate_mean 0 0 0 0 0 0 0 0 0
Dissipation 0.00202271
End step 21
Begin step 22
Stress -3.56185e-12 72.3742 1.62951e-12 72.3742 3.57808e-12 1.04609e-12 1.62951e-12 1.04609e-12 4.8734e-15
Strain 0 0.000733333 0 0.000733333 0 0 0 0 0
Strain mean 3.24173e-20 0.000733333 8.14757e-18 0.000733333 1.71649e-32 5.23047e-18 8.14757e-18 5.23047e-18 -1.4768e-33
Plastic strain_mean 1.7866e-17 0.000371462 0 0.000371462 -1.7866e-17 0 0 0 0
Plastic strain_rate_mean 0 0 0 0 0 0 0 0 0
Dissipation 0.00210529
End step 22
Begin step 23
Stress -3.70317e-12 73.0686 1.17692e-12 73.0686 3.61978e-12 8.94845e-13 1.17692e-12 8.94845e-13 -2.50395e-14
Strain 0 0.000766667 0 0.000766667 0 0 0 0 0
Strain mean -1.6656e-19 0.000766667 5.8846e-18 0.000766667 7.12594e-33 4.47422e-18 5.8846e-18 4.47422e-18 -1.55278e-33
Plastic strain_mean 1.82241e-17 0.000401324 0 0.000401324 -1.82241e-17 0 0 0 0
Plastic strain_rate_mean 0 0 0 0 0 0 0 0 0
Dissipation 0.00217707
End step 23
Begin step 24
Stress -3.2388e-12 73.6414 8.62303e-13 73.6414 3.28229e-12 -1.67862e-13 8.62303e-13 -1.67862e-13 1.30569e-14
Strain 0 0.0008 0 0.0008 0 0 0 0 0
Strain mean 8.68528e-20 0.0008 4.31152e-18 0.0008 2.21241e-32 -8.39308e-19 4.31152e-18 -8.39308e-19 -1.37749e-33
Plastic strain_mean 1.63462e-17 0.000431793 0 0.000431793 -1.63462e-17 0 0 0 0
Plastic strain_rate_mean 0 0 0 0 0 0 0 0 0
Dissipation 0.00223849
End step 24
Begin step 25
Stress 6.51284e-14 74.1118 2.09661e-12 74.1118 -1.61608e-13 -9.15285e-12 2.09661e-12 -9.15285e-12 -2.89697e-14
Strain 0 0.000833333 0 0.000833333 0 0 0 0 0
Strain mean -1.92703e-19 0.000833333 1.0483e-17 0.000833333 5.27223e-33 -4.57643e-17 1.0483e-17 -4.57643e-17 3.20863e-33
Plastic strain_mean -6.63193e-19 0.000462775 0 0.000462775 6.63193e-19 0 0 0 0
Plastic strain_rate_mean 0 0 0 0 0 0 0 0 0
Dissipation 0.00229033
End step 25
Begin step 26
Stress 1.8634e-12 74.4968 2.55927e-12 74.4968 -1.86757e-12 -6.28725e-12 2.55927e-12 -6.28725e-12 -1.25329e-15
Strain 0 0.000866667 0 0.000866667 0 0 0 0 0
Strain mean -8.33671e-21 0.000866667 1.27964e-17 0.000866667 5.94029e-33 -3.14362e-17 1.27964e-17 -3.14362e-17 1.89885e-33
Plastic strain_mean -9.3316e-18 0.000494183 0 0.000494183 9.3316e-18 0 0 0 0
Plastic strain_rate_mean 0 0 0 0 0 0 0 0 0
Dissipation 0.00233359
End step 26
Begin step 27
Stress 2.63917e-12 74.8116 2.38078e-12 74.8116 -2.63677e-12 -3.61164e-12 2.38078e-12 -3.61164e-12 7.2053e-16
Strain 0 0.0009 0 0.0009 0 0 0 0 0
Strain mean 4.79288e-21 0.0009 1.19039e-17 0.0009 -1.495e-32 -1.80582e-17 1.19039e-17 -1.80582e-17 9.93058e-35
Plastic strain_mean -1.31874e-17 0.000525942 0 0.000525942 1.31874e-17 0 0 0 0
Plastic strain_rate_mean 0 0 0 0 0 0 0 0 0
Dissipation 0.00236933
End step 27
Begin step 28
Stress -1.90948e-13 75.0688 2.06411e-12 75.0688 1.67315e-13 -1.87433e-12 2.06411e-12 -1.87433e-12 -7.09613e-15
Strain 0 0.000933333 0 0.000933333 0 0 0 0 0
Strain mean -4.72026e-20 0.000933333 1.03206e-17 0.000933333 3.44934e-31 -9.37165e-18 1.03206e-17 -9.37165e-18 -8.1852e-34
Plastic strain_mean 8.72055e-19 0.000557989 0 0.000557989 -8.72055e-19 0 0 0 0
Plastic strain_rate_mean 0 0 0 0 0 0 0 0 0
Dissipation 0.00239865
End step 28
Begin step 29
Stress -8.50519e-13 75.2794 1.58864e-12 75.2794 9.61528e-13 -1.70026e-12 1.58864e-12 -1.70026e-12 3.33321e-14
Strain 0 0.000966667 0 0.000966667 0 0 0 0 0
Strain mean 2.21722e-19 0.000966667 7.94319e-18 0.000966667 1.31348e-31 -8.50132e-18 7.94319e-18 -8.50132e-18 -9.70112e-34
Plastic strain_mean 4.64098e-18 0.00059027 0 0.00059027 -4.64098e-18 0 0 0 0
Plastic strain_rate_mean 0 0 0 0 0 0 0 0 0
Dissipation 0.00242254
End step 29
Begin step 30
Stress -1.13761e-12 75.4524 -1.96307e-12 75.4524 1.19817e-12 -2.52037e-13 -1.96307e-12 -2.52037e-13 1.81836e-14
Strain 0 0.001 0 0.001 0 0 0 0 0
Strain mean 1.20955e-19 0.001 -9.81536e-18 0.001 -8.71965e-32 -1.26019e-18 -9.81536e-18 -1.26019e-18 2.61844e-33
Plastic strain_mean 5.89994e-18 0.000622738 0 0.000622738 -5.89994e-18 0 0 0 0
Plastic strain_rate_mean 0 0 0 0 0 0 0 0 0
Dissipation 0.00244193
End step 30
