Begin step 0
Stress 0 0 0 0 0 0 0 0 0
Strain 0 0 0 0 0 0 0 0 0
Strain mean 0 0 0 0 0 0 0 0 0
Plastic strain_mean 0 0 0 0 0 0 0 0 0
Plastic strain_rate_mean 0 0 0 0 0 0 0 0 0
Dissipation 0
End step 0
Begin step 1
Stress 2.06513e-13 6.26417 4.64463e-14 6.26417 -2.06979e-13 -1.56773e-12 4.64463e-14 -1.56773e-12 -1.39739e-16
Strain 0 3.33333e-05 0 3.33333e-05 0 0 0 0 0
Strain mean -9.29529e-22 3.33333e-05 2.32232e-19 3.33333e-05 -2.52538e-32 -7.83863e-18 2.32232e-19 -7.83863e-18 2.49468e-33
Plastic strain_mean -1.0342e-18 2.01246e-06 0 2.01246e-06 1.0342e-18 0 0 0 0
Plastic strain_rate_mean 0 0 0 0 0 0 0 0 0
Dissipation 1.2605e-05
End step 1
Begin step 2
Stress 3.55607e-13 12.1502 4.80152e-14 12.1502 -3.55643e-13 -1.36594e-12 4.80152e-14 -1.36594e-12 -1.09171e-17
Strain 0 6.66667e-05 0 6.66667e-05 0 0 0 0 0
Strain mean -7.26194e-23 6.66667e-05 2.40076e-19 6.66667e-05 2.57352e-32 -6.82968e-18 2.40076e-19 -6.82968e-18 1.43692e-33
Plastic strain_mean -1.77816e-18 5.91559e-06 0 5.91559e-06 1.77816e-18 0 0 0 0
Plastic strain_rate_mean 0 0 0 0 0 0 0 0 0
Dissipation 4.74157e-05
End step 2
Begin step 3
Stress 4.4982e-13 17.681 4.5331e-14 17.681 -4.62342e-13 -1.18707e-12 4.5331e-14 -1.18707e-12 -3.75986e-15
Strain 0 0.0001 0 0.0001 0 0 0 0 0
Strain mean -2.50101e-20 0.0001 2.26655e-19 0.0001 -4.99297e-32 -5.93536e-18 2.26655e-19 -5.93536e-18 1.62952e-33
Plastic strain_mean -2.29291e-18 1.15949e-05 0 1.15949e-05 2.29291e-18 0 0 0 0
Plastic strain_rate_mean 0 0 0 0 0 0 0 0 0
Dissipation 0.000100393
End step 3
Begin step 4
Stress 5.26777e-13 22.8781 4.90927e-14 22.8781 -5.26115e-13 -1.0315e-12 4.90927e-14 -1.0315e-12 1.98692e-16
Strain 0 0.000133333 0 0.000133333 0 0 0 0 0
Strain mean 1.32167e-21 0.000133333 2.45464e-19 0.000133333 -2.6626e-32 -5.1575e-18 2.45464e-19 -5.1575e-18 1.17963e-33
Plastic strain_mean -2.63157e-18 1.89429e-05 0 1.89429e-05 2.63157e-18 0 0 0 0
Plastic strain_rate_mean 0 0 0 0 0 0 0 0 0
Dissipation 0.000168058
End step 4
Begin step 5
Stress 5.54995e-13 27.7616 5.16524e-14 27.7616 -5.71622e-13 -8.96193e-13 5.16524e-14 -8.96193e-13 -4.9924e-15
Strain 0 0.000166667 0 0.000166667 0 0 0 0 0
Strain mean -3.32089e-20 0.000166667 2.58262e-19 0.000166667 4.81482e-35 -4.48097e-18 2.58262e-19 -4.48097e-18 8.89238e-34
Plastic strain_mean -2.83315e-18 2.78584e-05 0 2.78584e-05 2.83315e-18 0 0 0 0
Plastic strain_rate_mean 0 0 0 0 0 0 0 0 0
Dissipation 0.000247421
End step 5
Begin step 6
Stress 1.09727e-12 32.3507 4.12962e-12 32.3507 -1.08176e-12 -1.81602e-12 4.12962e-12 -1.81602e-12 4.65724e-15
Strain 0 0.0002 0 0.0002 0 0 0 0 0
Strain mean 3.09794e-20 0.0002 2.06481e-17 0.0002 2.78177e-32 -9.08012e-18 2.06481e-17 -9.08012e-18 3.96621e-33
Plastic strain_mean -5.43206e-18 3.82465e-05 0 3.82465e-05 5.43206e-18 0 0 0 0
Plastic strain_rate_mean 0 0 0 0 0 0 0 0 0
Dissipation 0.00033592
End step 6
Begin step 7
Stress 1.42877e-12 36.6631 3.65382e-12 36.6631 -1.4571e-12 -1.65272e-12 3.65382e-12 -1.65272e-12 -8.5088e-15
Strain 0 0.000233333 0 0.000233333 0 0 0 0 0
Strain mean -5.65996e-20 0.000233333 1.82691e-17 0.000233333 2.3713e-32 -8.26362e-18 1.82691e-17 -8.26362e-18 4.34538e-33
Plastic strain_mean -7.24297e-18 5.00178e-05 0 5.00178e-05 7.24297e-18 0 0 0 0
Plastic strain_rate_mean 0 0 0 0 0 0 0 0 0
Dissipation 0.000431366
End step 7
Begin step 8
Stress 1.69468e-12 40.7156 3.20692e-12 40.7156 -1.67946e-12 -1.49944e-12 3.20692e-12 -1.49944e-12 4.56772e-15
Strain 0 0.000266667 0 0.000266667 0 0 0 0 0
Strain mean 3.0384e-20 0.000266667 1.60346e-17 0.000266667 -1.2988e-32 -7.4972e-18 1.60346e-17 -7.4972e-18 2.88288e-33
Plastic strain_mean -8.42016e-18 6.30886e-05 0 6.30886e-05 8.42016e-18 0 0 0 0
Plastic strain_rate_mean 0 0 0 0 0 0 0 0 0
Dissipation 0.000531892
End step 8
Begin step 9
Stress 1.4171e-12 44.523 6.15894e-13 44.523 -1.40985e-12 -2.33546e-12 6.15894e-13 -2.33546e-12 2.17469e-15
Strain 0 0.0003 0 0.0003 0 0 0 0 0
Strain mean 1.44658e-20 0.0003 3.07947e-18 0.0003 -4.46695e-32 -1.16773e-17 3.07947e-18 -1.16773e-17 2.02223e-33
Plastic strain_mean -7.06015e-18 7.73851e-05 0 7.73851e-05 7.06015e-18 0 0 0 0
Plastic strain_rate_mean 0 0 0 0 0 0 0 0 0
Dissipation 0.000636129
End step 9
Begin step 10
Stress 1.41983e-12 48.0966 1.61366e-12 48.0966 -1.41468e-12 -1.24139e-12 1.61366e-12 -1.24139e-12 1.54805e-15
Strain 0 0.000333333 0 0.000333333 0 0 0 0 0
Strain mean 1.02974e-20 0.000333333 8.06831e-18 0.000333333 -1.50223e-32 -6.20696e-18 8.06831e-18 -6.20696e-18 2.35325e-33
Plastic strain_mean -7.08112e-18 9.28502e-05 0 9.28502e-05 7.08112e-18 0 0 0 0
Plastic strain_rate_mean 0 0 0 0 0 0 0 0 0
Dissipation 0.000743308
End step 10
Begin step 11
Stress 1.64183e-12 51.4428 -5.76606e-13 51.4428 -1.63384e-12 5.38424e-12 -5.76606e-13 5.38424e-12 2.39958e-15
Strain 0 0.000366667 0 0.000366667 0 0 0 0 0
Strain mean 1.59617e-20 0.000366667 -2.88303e-18 0.000366667 1.18252e-31 2.69212e-17 -2.88303e-18 2.69212e-17 8.12502e-35
Plastic strain_mean -8.18119e-18 0.000109453 0 0.000109453 8.18119e-18 0 0 0 0
Plastic strain_rate_mean 0 0 0 0 0 0 0 0 0
Dissipation 0.000853404
End step 11
Begin step 12
Stress 1.00134e-12 54.5533 4.21136e-13 54.5533 -1.00049e-12 -8.44691e-13 4.21136e-13 -8.44691e-13 2.53277e-16
Strain 0 0.0004 0 0.0004 0 0 0 0 0
Strain mean 1.68477e-21 0.0004 2.10568e-18 0.0004 -8.32965e-32 -4.22346e-18 2.10568e-18 -4.22346e-18 -2.35325e-33
Plastic strain_mean -5.00374e-18 0.000127234 0 0.000127234 5.00374e-18 0 0 0 0
Plastic strain_rate_mean 0 0 0 0 0 0 0 0 0
Dissipation 0.000969163
End step 12
Begin step 13
Stress 5.20529e-13 57.4174 -4.03228e-13 57.4174 -5.36847e-13 5.93398e-12 -4.03228e-13 5.93398e-12 -4.8996e-15
Strain 0 0.000433333 0 0.000433333 0 0 0 0 0
Strain mean -3.25916e-20 0.000433333 -2.01614e-18 0.000433333 1.9878e-31 2.96699e-17 -2.01614e-18 2.96699e-17 -1.46551e-33
Plastic strain_mean -2.65973e-18 0.000146246 0 0.000146246 2.65973e-18 0 0 0 0
Plastic strain_rate_mean 0 0 0 0 0 0 0 0 0
Dissipation 0.0010906
End step 13
Begin step 14
Stress 1.52728e-13 60.0278 1.81243e-12 60.0278 -1.86264e-13 5.7748e-12 1.81243e-12 5.7748e-12 -1.007e-14
Strain 0 0.000466667 0 0.000466667 0 0 0 0 0
Strain mean -6.69842e-20 0.000466667 9.06216e-18 0.000466667 7.12353e-32 2.8874e-17 9.06216e-18 2.8874e-17 -9.23845e-34
Plastic strain_mean -8.80973e-19 0.000166528 0 0.000166528 8.80973e-19 0 0 0 0
Plastic strain_rate_mean 0 0 0 0 0 0 0 0 0
Dissipation 0.00121613
End step 14
Begin step 15
Stress 9.86834e-13 62.3811 -3.88626e-12 62.3811 -1.03459e-12 -1.64162e-12 -3.88626e-12 -1.64162e-12 -1.43407e-14
Strain 0 0.0005 0 0.0005 0 0 0 0 0
Strain mean -9.53929e-20 0.0005 -1.94313e-17 0.0005 -2.0126e-32 -8.2081e-18 -1.94313e-17 -8.2081e-18 -2.01621e-34
Plastic strain_mean -5.10127e-18 0.000188094 0 0.000188094 5.10127e-18 0 0 0 0
Plastic strain_rate_mean 0 0 0 0 0 0 0 0 0
Dissipation 0.00134373
End step 15
Begin step 16
Stress 3.10568e-13 64.4789 3.17148e-12 64.4789 -3.63033e-13 4.84073e-12 3.17148e-12 4.84073e-12 -1.57534e-14
Strain 0 0.000533333 0 0.000533333 0 0 0 0 0
Strain mean -1.0479e-19 0.000533333 1.58574e-17 0.000533333 7.99261e-33 2.42036e-17 1.58574e-17 2.42036e-17 1.56482e-34
Plastic strain_mean -1.7364e-18 0.000210939 0 0.000210939 1.7364e-18 0 0 0 0
Plastic strain_rate_mean 0 0 0 0 0 0 0 0 0
Dissipation 0.00147104
End step 16
Begin step 17
Stress 1.44884e-12 66.3275 -3.73341e-12 66.3275 -1.50177e-12 -8.58795e-13 -3.73341e-12 -8.58795e-13 -1.5891e-14
Strain 0 0.000566667 0 0.000566667 0 0 0 0 0
Strain mean -1.05705e-19 0.000566667 -1.86671e-17 0.000566667 -2.60001e-33 -4.29397e-18 -1.86671e-17 -4.29397e-18 -9.93058e-34
Plastic strain_mean -7.42938e-18 0.000235029 0 0.000235029 7.42938e-18 0 0 0 0
Plastic strain_rate_mean 0 0 0 0 0 0 0 0 0
Dissipation 0.00159557
End step 17
Begin step 18
Stress -6.52284e-13 67.937 -2.44953e-12 67.937 7.18746e-13 -6.59976e-12 -2.44953e-12 -6.59976e-12 1.99565e-14
Strain 0 0.0006 0 0.0006 0 0 0 0 0
Strain mean 1.32748e-19 0.0006 -1.22477e-17 0.0006 -6.96224e-32 -3.29988e-17 -1.22477e-17 -3.29988e-17 -7.34261e-34
Plastic strain_mean 3.49395e-18 0.000260315 0 0.000260315 -3.49395e-18 0 0 0 0
Plastic strain_rate_mean 0 0 0 0 0 0 0 0 0
Dissipation 0.00171517
End step 18
Begin step 19
Stress -1.75411e-12 69.3218 -1.80904e-12 69.3218 1.82607e-12 -6.67917e-12 -1.80904e-12 -6.67917e-12 2.16072e-14
Strain 0 0.000633333 0 0.000633333 0 0 0 0 0
Strain mean 1.43728e-19 0.000633333 -9.04522e-18 0.000633333 5.10371e-33 -3.33959e-17 -9.04522e-18 -3.33959e-17 -7.73381e-34
Plastic strain_mean 9.02229e-18 0.000286724 0 0.000286724 -9.02229e-18 0 0 0 0
Plastic strain_rate_mean 0 0 0 0 0 0 0 0 0
Dissipation 0.00182766
End step 19
Begin step 20
Stress -1.5971e-12 70.4999 1.97321e-12 70.4999 1.63323e-12 3.54028e-12 1.97321e-12 3.54028e-12 1.08472e-14
Strain 0 0.000666667 0 0.000666667 0 0 0 0 0
Strain mean 7.21547e-20 0.000666667 9.86607e-18 0.000666667 -7.65892e-32 1.77014e-17 9.86607e-18 1.77014e-17 1.47304e-33
Plastic strain_mean 8.1119e-18 0.000314167 0 0.000314167 -8.1119e-18 0 0 0 0
Plastic strain_rate_mean 0 0 0 0 0 0 0 0 0
Dissipation 0.00193118
End step 20
Begin step 21
Stress -3.2869e-12 71.4921 -2.9434e-12 71.4921 3.27314e-12 5.26468e-12 -2.9434e-12 5.26468e-12 -4.13104e-15
Strain 0 0.0007 0 0.0007 0 0 0 0 0
Strain mean -2.74792e-20 0.0007 -1.4717e-17 0.0007 2.0463e-33 2.63234e-17 -1.4717e-17 2.63234e-17 -1.99213e-33
Plastic strain_mean 1.63864e-17 0.000342539 0 0.000342539 -1.63864e-17 0 0 0 0
Plastic strain_rate_mean 0 0 0 0 0 0 0 0 0
Dissipation 0.00202444
End step 21
Begin step 22
Stress -3.94931e-12 72.3202 1.6442e-12 72.3202 3.92645e-12 1.08533e-12 1.6442e-12 1.08533e-12 -6.86468e-15
Strain 0 0.000733333 0 0.000733333 0 0 0 0 0
Strain mean -4.56631e-20 0.000733333 8.22099e-18 0.000733333 -4.33334e-34 5.42667e-18 8.22099e-18 5.42667e-18 -1.60996e-33
Plastic strain_mean 1.96665e-17 0.000371732 0 0.000371732 -1.96665e-17 0 0 0 0
Plastic strain_rate_mean 0 0 0 0 0 0 0 0 0
Dissipation 0.00210682
End step 22
Begin step 23
Stress -3.9187e-12 73.0061 1.26239e-12 73.0061 3.92591e-12 8.55232e-13 1.26239e-12 8.55232e-13 2.16596e-15
Strain 0 0.000766667 0 0.000766667 0 0 0 0 0
Strain mean 1.44077e-20 0.000766667 6.31196e-18 0.000766667 -3.02852e-32 4.27616e-18 6.31196e-18 4.27616e-18 -2.12003e-33
Plastic strain_mean 1.96187e-17 0.000401636 0 0.000401636 -1.96187e-17 0 0 0 0
Plastic strain_rate_mean 0 0 0 0 0 0 0 0 0
Dissipation 0.0021783
End step 23
Begin step 24
Stress -3.41466e-12 73.5707 9.03968e-13 73.5707 3.48884e-12 -3.68272e-13 9.03968e-13 -3.68272e-13 2.22753e-14
Strain 0 0.0008 0 0.0008 0 0 0 0 0
Strain mean 1.48173e-19 0.0008 4.51984e-18 0.0008 5.94631e-33 -1.84136e-18 4.51984e-18 -1.84136e-18 -1.55504e-33
Plastic strain_mean 1.73328e-17 0.000432147 0 0.000432147 -1.73328e-17 0 0 0 0
Plastic strain_rate_mean 0 0 0 0 0 0 0 0 0
Dissipation 0.00223933
End step 24
Begin step 25
Stress 1.4252e-13 74.0334 2.35077e-12 74.0334 -2.13666e-13 -9.47775e-12 2.35077e-12 -9.47775e-12 -2.13626e-14
Strain 0 0.000833333 0 0.000833333 0 0 0 0 0
Strain mean -1.42102e-19 0.000833333 1.17538e-17 0.000833333 -2.52778e-34 -4.73888e-17 1.17538e-17 -4.73888e-17 3.25151e-33
Plastic strain_mean -9.61514e-19 0.000463167 0 0.000463167 9.61514e-19 0 0 0 0
Plastic strain_rate_mean 0 0 0 0 0 0 0 0 0
Dissipation 0.00229073
End step 25
Begin step 26
Stress 2.00516e-12 74.4114 2.71545e-12 74.4114 -1.99211e-12 -6.06793e-12 2.71545e-12 -6.06793e-12 3.91706e-15
Strain 0 0.000866667 0 0.000866667 0 0 0 0 0
Strain mean 2.60558e-20 0.000866667 1.35772e-17 0.000866667 2.10047e-32 -3.03396e-17 1.35772e-17 -3.03396e-17 1.27141e-33
Plastic strain_mean -9.98015e-18 0.00049461 0 0.00049461 9.98015e-18 0 0 0 0
Plastic strain_rate_mean 0 0 0 0 0 0 0 0 0
Dissipation 0.00233351
End step 26
Begin step 27
Stress 2.87317e-12 74.7197 2.63325e-12 74.7197 -2.83248e-12 -3.5226e-12 2.63325e-12 -3.5226e-12 1.22184e-14
Strain 0 0.0009 0 0.0009 0 0 0 0 0
Strain mean 8.12757e-20 0.0009 1.31663e-17 0.0009 -8.53127e-33 -1.7613e-17 1.31663e-17 -1.7613e-17 4.5139e-35
Plastic strain_mean -1.42235e-17 0.000526401 0 0.000526401 1.42235e-17 0 0 0 0
Plastic strain_rate_mean 0 0 0 0 0 0 0 0 0
Dissipation 0.00236878
End step 27
Begin step 28
Stress -1.84531e-14 74.9713 1.92345e-12 74.9713 -7.95393e-14 -1.97334e-12 1.92345e-12 -1.97334e-12 -2.94238e-14
Strain 0 0.000933333 0 0.000933333 0 0 0 0 0
Strain mean -1.95724e-19 0.000933333 9.61723e-18 0.000933333 5.56979e-31 -9.86671e-18 9.61723e-18 -9.86671e-18 -3.73901e-34
Plastic strain_mean -2.50577e-19 0.000558477 0 0.000558477 2.50577e-19 0 0 0 0
Plastic strain_rate_mean 0 0 0 0 0 0 0 0 0
Dissipation 0.00239763
End step 28
Begin step 29
Stress -8.09857e-13 75.177 1.63683e-12 75.177 7.03822e-13 -1.77188e-12 1.63683e-12 -1.77188e-12 -3.18387e-14
Strain 0 0.000966667 0 0.000966667 0 0 0 0 0
Strain mean -2.11787e-19 0.000966667 8.18416e-18 0.000966667 6.74918e-32 -8.8594e-18 8.18416e-18 -8.8594e-18 -1.04487e-33
Plastic strain_mean 3.6783e-18 0.000590782 0 0.000590782 -3.6783e-18 0 0 0 0
Plastic strain_rate_mean 0 0 0 0 0 0 0 0 0
Dissipation 0.00242108
End step 29
Begin step 30
Stress -9.8747e-13 75.3456 -2.01557e-12 75.3456 9.46676e-13 -2.06592e-13 -2.01557e-12 -2.06592e-13 -1.2249e-14
Strain 0 0.001 0 0.001 0 0 0 0 0
Strain mean -8.1479e-20 0.001 -1.00778e-17 0.001 -1.08334e-32 -1.03296e-18 -1.00778e-17 -1.03296e-18 2.01508e-33
Plastic strain_mean 4.79462e-18 0.000623272 0 0.000623272 -4.79462e-18 0 0 0 0
Plastic strain_rate_mean 0 0 0 0 0 0 0 0 0
Dissipation 0.00244007
End step 30
