Begin step 0
Stress 0 0 0 0 0 0 0 0 0
Strain 0 0 0 0 0 0 0 0 0
Strain mean 0 0 0 0 0 0 0 0 0
Plastic strain_mean 0 0 0 0 0 0 0 0 0
Plastic strain_rate_mean 0 0 0 0 0 0 0 0 0
Dissipation 0
End step 0
Begin step 1
Stress 2.08491e-15 6.66667 -1.15869e-15 6.66667 8.9555e-16 3.18879e-16 -1.15869e-15 3.18879e-16 8.94931e-16
Strain 0 3.33333e-05 0 3.33333e-05 0 0 0 0 0
Strain mean 5.95298e-21 3.33333e-05 -5.79347e-21 3.33333e-05 1.21696e-36 1.5944e-21 -5.79347e-21 1.5944e-21 -2.11589e-37
Plastic strain_mean 3.09439e-24 1.80709e-13 0 1.80709e-13 -3.09439e-24 0 0 0 0
Plastic strain_rate_mean 0 0 0 0 0 0 0 0 0
Dissipation 1.20473e-12
End step 1
Begin step 2
Stress 2.58686e-15 13.3333 -2.53358e-15 13.3333 1.05804e-15 1.79213e-14 -2.53358e-15 1.79213e-14 1.09444e-15
Strain 0 6.66667e-05 0 6.66667e-05 0 0 0 0 0
Strain mean 7.2801e-21 6.66667e-05 -1.26679e-20 6.66667e-05 -1.41059e-36 8.96063e-20 -1.26679e-20 8.96063e-20 -1.63159e-35
Plastic strain_mean -1.82007e-22 1.39344e-11 0 1.39344e-11 1.82007e-22 0 0 0 0
Plastic strain_rate_mean 0 0 0 0 0 0 0 0 0
Dissipation 1.83382e-10
End step 2
Begin step 3
Stress -3.41051e-16 20 1.44737e-12 20 3.67873e-15 3.6421e-13 1.44737e-12 3.6421e-13 1.00219e-15
Strain 0 0.0001 0 0.0001 0 0 0 0 0
Strain mean 6.66646e-21 0.0001 7.23684e-18 0.0001 -1.50463e-35 1.82105e-18 7.23684e-18 1.82105e-18 1.88079e-34
Plastic strain_mean 1.33827e-20 1.87309e-10 0 1.87309e-10 -1.33827e-20 0 0 0 0
Plastic strain_rate_mean 0 0 0 0 0 0 0 0 0
Dissipation 3.46748e-09
End step 3
Begin step 4
Stress -6.13092e-15 26.6664 7.5928e-13 26.6664 -1.9224e-15 -8.34515e-14 7.5928e-13 -8.34515e-14 -2.41814e-15
Strain 0 0.000133333 0 0.000133333 0 0 0 0 0
Strain mean -1.60852e-20 0.000133333 3.7964e-18 0.000133333 1.50463e-36 -4.17257e-19 3.7964e-18 -4.17257e-19 3.87443e-35
Plastic strain_mean 2.47869e-21 1.23403e-09 0 1.23403e-09 -2.47869e-21 0 0 0 0
Plastic strain_rate_mean 0 0 0 0 0 0 0 0 0
Dissipation 2.79123e-08
End step 4
Begin step 5
Stress 4.08574e-16 33.3322 -1.61364e-12 33.3322 -3.2336e-15 2.17314e-12 -1.61364e-12 2.17314e-12 -8.4826e-16
Strain 0 0.000166667 0 0.000166667 0 0 0 0 0
Strain mean -5.64253e-21 0.000166667 -8.06821e-18 0.000166667 6.31946e-35 1.08657e-17 -8.06821e-18 1.08657e-17 -1.15255e-33
Plastic strain_mean -1.19267e-20 5.45541e-09 0 5.45541e-09 1.19267e-20 0 0 0 0
Plastic strain_rate_mean 0 0 0 0 0 0 0 0 0
Dissipation 1.40708e-07
End step 5
Begin step 6
Stress 4.9109e-14 39.9963 3.69752e-12 39.9963 -4.57059e-14 1.75799e-12 3.69752e-12 1.75799e-12 1.02184e-15
Strain 0 0.0002 0 0.0002 0 0 0 0 0
Strain mean 6.79718e-21 0.0002 1.84876e-17 0.0002 -1.25185e-33 8.78996e-18 1.84876e-17 8.78996e-18 -5.75372e-33
Plastic strain_mean -2.33639e-19 1.86432e-08 0 1.86432e-08 2.33639e-19 0 0 0 0
Plastic strain_rate_mean 0 0 0 0 0 0 0 0 0
Dissipation 5.27464e-07
End step 6
Begin step 7
Stress 9.74854e-14 46.656 8.39193e-13 46.656 -9.15081e-14 2.59759e-12 8.39193e-13 2.59759e-12 1.79477e-15
Strain 0 0.000233333 0 0.000233333 0 0 0 0 0
Strain mean 1.19386e-20 0.000233333 4.19596e-18 0.000233333 -1.37223e-33 1.2988e-17 4.19596e-18 1.2988e-17 -5.46483e-33
Plastic strain_mean -4.66514e-19 5.31754e-08 0 5.31754e-08 4.66514e-19 0 0 0 0
Plastic strain_rate_mean 0 0 0 0 0 0 0 0 0
Dissipation 1.61113e-06
End step 7
Begin step 8
Stress 1.42936e-13 53.3068 -7.97776e-13 53.3068 -1.28044e-13 2.84086e-12 -7.97776e-13 2.84086e-12 4.47165e-15
Strain 0 0.000266667 0 0.000266667 0 0 0 0 0
Strain mean 2.97449e-20 0.000266667 -3.98888e-18 0.000266667 -1.26389e-33 1.42043e-17 -3.98888e-18 1.42043e-17 -4.91112e-33
Plastic strain_mean -6.62576e-19 1.32597e-07 0 1.32597e-07 6.62576e-19 0 0 0 0
Plastic strain_rate_mean 0 0 0 0 0 0 0 0 0
Dissipation 4.23372e-06
End step 8
Begin step 9
Stress 1.49561e-13 59.9404 -1.65508e-12 59.9404 -1.54993e-13 2.74791e-12 -1.65508e-12 2.74791e-12 -1.63102e-15
Strain 0 0.0003 0 0.0003 0 0 0 0 0
Strain mean -1.08493e-20 0.0003 -8.2754e-18 0.0003 5.6514e-33 1.37395e-17 -8.2754e-18 1.37395e-17 -3.89399e-33
Plastic strain_mean -7.6681e-19 2.97904e-07 0 2.97904e-07 7.6681e-19 0 0 0 0
Plastic strain_rate_mean 0 0 0 0 0 0 0 0 0
Dissipation 9.90855e-06
End step 9
Begin step 10
Stress 1.31116e-13 66.5436 -2.05498e-12 66.5436 -1.45667e-13 2.51537e-12 -2.05498e-12 2.51537e-12 -4.36903e-15
Strain 0 0.000333333 0 0.000333333 0 0 0 0 0
Strain mean -2.90623e-20 0.000333333 -1.02749e-17 0.000333333 -2.35686e-32 1.25769e-17 -1.02749e-17 1.25769e-17 -3.10556e-33
Plastic strain_mean -7.06488e-19 6.15552e-07 0 6.15552e-07 7.06488e-19 0 0 0 0
Plastic strain_rate_mean 0 0 0 0 0 0 0 0 0
Dissipation 2.11373e-05
End step 10
Begin step 11
Stress 1.11712e-13 73.096 5.37557e-12 73.096 -7.94188e-14 -1.27162e-12 5.37557e-12 -1.27162e-12 9.69658e-15
Strain 0 0.000366667 0 0.000366667 0 0 0 0 0
Strain mean 6.45006e-20 0.000366667 2.68778e-17 0.000366667 3.73149e-32 -6.35812e-18 2.68778e-17 -6.35812e-18 -2.08843e-33
Plastic strain_mean -4.45577e-19 1.18684e-06 0 1.18684e-06 4.45577e-19 0 0 0 0
Plastic strain_rate_mean 0 0 0 0 0 0 0 0 0
Dissipation 4.17582e-05
End step 11
Begin step 12
Stress 1.18357e-13 79.5685 4.39405e-12 79.5685 -1.14343e-13 -5.51308e-13 4.39405e-12 -5.51308e-13 1.20525e-15
Strain 0 0.0004 0 0.0004 0 0 0 0 0
Strain mean 8.01718e-21 0.0004 2.19702e-17 0.0004 -2.07037e-33 -2.75654e-18 2.19702e-17 -2.75654e-18 -1.3963e-33
Plastic strain_mean -5.77743e-19 2.15762e-06 0 2.15762e-06 5.77743e-19 0 0 0 0
Plastic strain_rate_mean 0 0 0 0 0 0 0 0 0
Dissipation 7.72432e-05
End step 12
Begin step 13
Stress 2.17987e-13 85.9214 3.4844e-12 85.9214 -1.9053e-13 -1.31518e-13 3.4844e-12 -1.31518e-13 8.24461e-15
Strain 0 0.000433333 0 0.000433333 0 0 0 0 0
Strain mean 5.48422e-20 0.000433333 1.7422e-17 0.000433333 -1.73334e-33 -6.57588e-19 1.7422e-17 -6.57588e-19 -1.43692e-33
Plastic strain_mean -9.93871e-19 3.72649e-06 0 3.72649e-06 9.93871e-19 0 0 0 0
Plastic strain_rate_mean 0 0 0 0 0 0 0 0 0
Dissipation 0.000134797
End step 13
Begin step 14
Stress 2.61492e-13 92.1037 -1.35097e-12 92.1037 -2.44855e-13 3.66766e-12 -1.35097e-12 3.66766e-12 4.99567e-15
Strain 0 0.000466667 0 0.000466667 0 0 0 0 0
Strain mean 3.32306e-20 0.000466667 -6.75487e-18 0.000466667 -1.59371e-32 1.83383e-17 -6.75487e-18 1.83383e-17 5.70105e-33
Plastic strain_mean -1.24925e-18 6.14822e-06 0 6.14822e-06 1.24925e-18 0 0 0 0
Plastic strain_rate_mean 0 0 0 0 0 0 0 0 0
Dissipation 0.000223044
End step 14
Begin step 15
Stress 2.78168e-13 98.0542 -1.17387e-12 98.0542 -2.23485e-13 6.27538e-13 -1.17387e-12 6.27538e-13 1.64193e-14
Strain 0 0.0005 0 0.0005 0 0 0 0 0
Strain mean 1.0922e-19 0.0005 -5.86937e-18 0.0005 7.07779e-33 3.13769e-18 -5.86937e-18 3.13769e-18 -1.25185e-33
Plastic strain_mean -1.19952e-18 9.72897e-06 0 9.72897e-06 1.19952e-18 0 0 0 0
Plastic strain_rate_mean 0 0 0 0 0 0 0 0 0
Dissipation 0.000351093
End step 15
Begin step 16
Stress 3.55075e-13 103.705 -8.92029e-13 103.705 -2.71974e-13 -1.01409e-12 -8.92029e-13 -1.01409e-12 2.49522e-14
Strain 0 0.000533333 0 0.000533333 0 0 0 0 0
Strain mean 1.65979e-19 0.000533333 -4.46014e-18 0.000533333 -1.05445e-32 -5.07043e-18 -4.46014e-18 -5.07043e-18 -1.50162e-33
Plastic strain_mean -1.48463e-18 1.48098e-05 0 1.48098e-05 1.48463e-18 0 0 0 0
Plastic strain_rate_mean 0 0 0 0 0 0 0 0 0
Dissipation 0.000526874
End step 16
Begin step 17
Stress 5.87464e-13 108.986 -9.11238e-13 108.986 -5.42249e-13 -3.15721e-12 -9.11238e-13 -3.15721e-12 1.35765e-14
Strain 0 0.000566667 0 0.000566667 0 0 0 0 0
Strain mean 9.03095e-20 0.000566667 -4.55619e-18 0.000566667 2.78778e-32 -1.57861e-17 -4.55619e-18 -1.57861e-17 -2.75649e-33
Plastic strain_mean -2.77913e-18 2.17376e-05 0 2.17376e-05 2.77913e-18 0 0 0 0
Plastic strain_rate_mean 0 0 0 0 0 0 0 0 0
Dissipation 0.000754977
End step 17
Begin step 18
Stress 1.14058e-12 113.835 -7.45234e-13 113.835 -1.19044e-12 -4.51593e-12 -7.45234e-13 -4.51593e-12 -1.49696e-14
Strain 0 0.0006 0 0.0006 0 0 0 0 0
Strain mean -9.95758e-20 0.0006 -3.72617e-18 0.0006 2.06075e-32 -2.25797e-17 -3.72617e-18 -2.25797e-17 -2.69028e-33
Plastic strain_mean -5.87733e-18 3.08273e-05 0 3.08273e-05 5.87733e-18 0 0 0 0
Plastic strain_rate_mean 0 0 0 0 0 0 0 0 0
Dissipation 0.00103461
End step 18
Begin step 19
Stress 2.05832e-12 118.202 3.49227e-13 118.202 -2.0953e-12 -4.41066e-12 3.49227e-13 -4.41066e-12 -1.11049e-14
Strain 0 0.000633333 0 0.000633333 0 0 0 0 0
Strain mean -7.38685e-20 0.000633333 1.74614e-18 0.000633333 -1.00148e-32 -2.20533e-17 1.74614e-18 -2.20533e-17 -2.72339e-33
Plastic strain_mean -1.0421e-17 4.2322e-05 0 4.2322e-05 1.0421e-17 0 0 0 0
Plastic strain_rate_mean 0 0 0 0 0 0 0 0 0
Dissipation 0.0013585
End step 19
Begin step 20
Stress 2.76966e-12 122.061 1.17718e-12 122.061 -2.73237e-12 -2.28668e-12 1.17718e-12 -2.28668e-12 1.11966e-14
Strain 0 0.000666667 0 0.000666667 0 0 0 0 0
Strain mean 7.44785e-20 0.000666667 5.88591e-18 0.000666667 -4.57408e-33 -1.14334e-17 5.88591e-18 -1.14334e-17 -2.94908e-34
Plastic strain_mean -1.37178e-17 5.63625e-05 0 5.63625e-05 1.37178e-17 0 0 0 0
Plastic strain_rate_mean 0 0 0 0 0 0 0 0 0
Dissipation 0.00171348
End step 20
Begin step 21
Stress 2.79287e-12 125.405 1.15171e-12 125.405 -2.78647e-12 -6.03282e-13 1.15171e-12 -6.03282e-13 1.92141e-15
Strain 0 0.0007 0 0.0007 0 0 0 0 0
Strain mean 1.2781e-20 0.0007 5.75855e-18 0.0007 8.85928e-33 -3.01641e-18 5.75855e-18 -3.01641e-18 1.03519e-33
Plastic strain_mean -1.3942e-17 7.29737e-05 0 7.29737e-05 1.3942e-17 0 0 0 0
Plastic strain_rate_mean 0 0 0 0 0 0 0 0 0
Dissipation 0.00208265
End step 21
Begin step 22
Stress 1.1986e-12 128.253 1.49695e-12 128.253 -1.33706e-12 -2.77286e-12 1.49695e-12 -2.77286e-12 -4.15768e-14
Strain 0 0.000733333 0 0.000733333 0 0 0 0 0
Strain mean -2.76564e-19 0.000733333 7.48475e-18 0.000733333 3.04297e-31 -1.38643e-17 7.48475e-18 -1.38643e-17 2.37318e-33
Plastic strain_mean -6.47743e-18 9.20696e-05 0 9.20696e-05 6.47743e-18 0 0 0 0
Plastic strain_rate_mean 0 0 0 0 0 0 0 0 0
Dissipation 0.0024484
End step 22
Begin step 23
Stress 8.31003e-13 130.638 1.09591e-12 130.638 -8.52265e-13 9.185e-12 1.09591e-12 9.185e-12 -6.38433e-15
Strain 0 0.000766667 0 0.000766667 0 0 0 0 0
Strain mean -4.24678e-20 0.000766667 5.47953e-18 0.000766667 -2.00682e-31 4.5925e-17 5.47953e-18 4.5925e-17 3.76158e-33
Plastic strain_mean -4.2294e-18 0.000113475 0 0.000113475 4.2294e-18 0 0 0 0
Plastic strain_rate_mean 0 0 0 0 0 0 0 0 0
Dissipation 0.00279537
End step 23
Begin step 24
Stress -5.77647e-13 132.609 -5.16879e-13 132.609 6.93775e-13 -3.98334e-12 -5.16879e-13 -3.98334e-12 3.48693e-14
Strain 0 0.0008 0 0.0008 0 0 0 0 0
Strain mean 2.31946e-19 0.0008 -2.5844e-18 0.0008 1.41556e-31 -1.99167e-17 -2.5844e-18 -1.99167e-17 1.22778e-33
Plastic strain_mean 3.29453e-18 0.000136953 0 0.000136953 -3.29453e-18 0 0 0 0
Plastic strain_rate_mean 0 0 0 0 0 0 0 0 0
Dissipation 0.00311222
End step 24
Begin step 25
Stress -2.3552e-12 134.219 2.62534e-12 134.219 2.25827e-12 4.41527e-12 2.62534e-12 4.41527e-12 -2.9105e-14
Strain 0 0.000833333 0 0.000833333 0 0 0 0 0
Strain mean -1.93603e-19 0.000833333 1.31267e-17 0.000833333 5.47054e-32 2.20764e-17 1.31267e-17 2.20764e-17 1.57385e-33
Plastic strain_mean 1.14369e-17 0.00016224 0 0.00016224 -1.14369e-17 0 0 0 0
Plastic strain_rate_mean 0 0 0 0 0 0 0 0 0
Dissipation 0.00339233
End step 25
Begin step 26
Stress -2.20072e-12 135.52 -2.00434e-12 135.52 2.14934e-12 -2.51509e-12 -2.00434e-12 -2.51509e-12 -1.54281e-14
Strain 0 0.000866667 0 0.000866667 0 0 0 0 0
Strain mean -1.02626e-19 0.000866667 -1.00217e-17 0.000866667 2.88889e-34 -1.25755e-17 -1.00217e-17 -1.25755e-17 -5.02547e-34
Plastic strain_mean 1.08238e-17 0.000189064 0 0.000189064 -1.08238e-17 0 0 0 0
Plastic strain_rate_mean 0 0 0 0 0 0 0 0 0
Dissipation 0.00363332
End step 26
Begin step 27
Stress -1.89643e-12 136.566 -1.75979e-12 136.566 1.815e-12 -1.41407e-12 -1.75979e-12 -1.41407e-12 -2.445e-14
Strain 0 0.0009 0 0.0009 0 0 0 0 0
Strain mean -1.62638e-19 0.0009 -8.79896e-18 0.0009 6.74075e-34 -7.07034e-18 -8.79896e-18 -7.07034e-18 -3.37038e-34
Plastic strain_mean 9.19727e-18 0.000217171 0 0.000217171 -9.19727e-18 0 0 0 0
Plastic strain_rate_mean 0 0 0 0 0 0 0 0 0
Dissipation 0.00383608
End step 27
Begin step 28
Stress -1.4394e-12 137.401 -1.31127e-12 137.401 1.36907e-12 -2.27978e-13 -1.31127e-12 -2.27978e-13 -2.11181e-14
Strain 0 0.000933333 0 0.000933333 0 0 0 0 0
Strain mean -1.40475e-19 0.000933333 -6.55637e-18 0.000933333 -1.52871e-32 -1.13989e-18 -6.55637e-18 -1.13989e-18 7.52316e-35
Plastic strain_mean 6.95095e-18 0.000246329 0 0.000246329 -6.95095e-18 0 0 0 0
Plastic strain_rate_mean 0 0 0 0 0 0 0 0 0
Dissipation 0.00400361
End step 28
Begin step 29
Stress -1.40901e-12 138.066 1.4745e-12 138.066 1.43461e-12 2.98024e-13 1.4745e-12 2.98024e-13 7.68565e-15
Strain 0 0.000966667 0 0.000966667 0 0 0 0 0
Strain mean 5.11241e-20 0.000966667 7.37249e-18 0.000966667 1.72371e-32 1.49012e-18 7.37249e-18 1.49012e-18 -2.80614e-33
Plastic strain_mean 7.13462e-18 0.000276337 0 0.000276337 -7.13462e-18 0 0 0 0
Plastic strain_rate_mean 0 0 0 0 0 0 0 0 0
Dissipation 0.00414005
End step 29
Begin step 30
Stress -1.11605e-12 138.595 1.10507e-12 138.595 1.05669e-12 1.25777e-12 1.10507e-12 1.25777e-12 -1.78255e-14
Strain 0 0.001 0 0.001 0 0 0 0 0
Strain mean -1.18573e-19 0.001 5.52536e-18 0.001 -7.84816e-33 6.28884e-18 5.52536e-18 6.28884e-18 -1.70024e-33
Plastic strain_mean 5.37256e-18 0.000307027 0 0.000307027 -5.37256e-18 0 0 0 0
Plastic strain_rate_mean 0 0 0 0 0 0 0 0 0
Dissipation 0.00424993
End step 30
