Begin step 0
Stress 0 0 0 0 0 0 0 0 0
Strain 0 0 0 0 0 0 0 0 0
Strain mean 0 0 0 0 0 0 0 0 0
Plastic strain_mean 0 0 0 0 0 0 0 0 0
Plastic strain_rate_mean 0 0 0 0 0 0 0 0 0
Dissipation 0
End step 0
Begin step 1
Stress -4.21937e-17 6.66667 8.20847e-15 6.66667 -1.50703e-17 -3.26707e-17 8.20847e-15 -3.26707e-17 -1.71945e-17
Strain 0 3.33333e-05 0 3.33333e-05 0 0 0 0 0
Strain mean -1.14376e-22 3.33333e-05 4.10423e-20 3.33333e-05 -4.81218e-38 -1.63354e-22 4.10423e-20 -1.63354e-22 -7.14113e-37
Plastic strain_mean 1.06208e-23 4.33703e-14 0 4.33703e-14 -1.06208e-23 0 0 0 0
Plastic strain_rate_mean 0 0 0 0 0 0 0 0 0
Dissipation 2.89135e-13
End step 1
Begin step 2
Stress 5.70546e-15 13.3333 2.78381e-14 13.3333 2.47511e-15 -8.22205e-16 2.78381e-14 -8.22205e-16 2.45635e-15
Strain 0 6.66667e-05 0 6.66667e-05 0 0 0 0 0
Strain mean 1.63394e-20 6.66667e-05 1.3919e-19 6.66667e-05 -2.36568e-36 -4.11103e-21 1.3919e-19 -4.11103e-21 1.96895e-36
Plastic strain_mean 9.38066e-23 3.34425e-12 0 3.34425e-12 -9.38066e-23 0 0 0 0
Plastic strain_rate_mean 0 0 0 0 0 0 0 0 0
Dissipation 4.40118e-11
End step 2
Begin step 3
Stress -1.33165e-15 20 3.59416e-13 20 -4.26876e-17 7.48918e-14 3.59416e-13 7.48918e-14 -4.12667e-16
Strain 0 0.0001 0 0.0001 0 0 0 0 0
Strain mean -2.74501e-21 0.0001 1.79708e-18 0.0001 2.63311e-36 3.74459e-19 1.79708e-18 3.74459e-19 1.11202e-35
Plastic strain_mean 1.8499e-21 4.49544e-11 0 4.49544e-11 -1.8499e-21 0 0 0 0
Plastic strain_rate_mean 0 0 0 0 0 0 0 0 0
Dissipation 8.32203e-10
End step 3
Begin step 4
Stress 7.03269e-15 26.6666 2.72946e-14 26.6666 -2.28412e-17 4.09799e-14 2.72946e-14 4.09799e-14 2.10482e-15
Strain 0 0.000133333 0 0.000133333 0 0 0 0 0
Strain mean 1.4001e-20 0.000133333 1.36473e-19 0.000133333 1.76794e-35 2.04899e-19 1.36473e-19 2.04899e-19 -9.81773e-35
Plastic strain_mean -1.06383e-20 2.96179e-10 0 2.96179e-10 1.06383e-20 0 0 0 0
Plastic strain_rate_mean 0 0 0 0 0 0 0 0 0
Dissipation 6.6993e-09
End step 4
Begin step 5
Stress 2.71041e-17 33.3331 2.38161e-12 33.3331 -8.7167e-15 -5.34349e-13 2.38161e-12 -5.34349e-13 -2.60919e-15
Strain 0 0.000166667 0 0.000166667 0 0 0 0 0
Strain mean -1.7356e-20 0.000166667 1.19081e-17 0.000166667 -4.66436e-35 -2.67174e-18 1.19081e-17 -2.67174e-18 1.76677e-35
Plastic strain_mean -3.05375e-20 1.30947e-09 0 1.30947e-09 3.05375e-20 0 0 0 0
Plastic strain_rate_mean 0 0 0 0 0 0 0 0 0
Dissipation 3.3776e-08
End step 5
Begin step 6
Stress 1.13799e-14 39.9991 5.32012e-13 39.9991 2.05716e-14 -2.76353e-12 5.32012e-13 -2.76353e-12 9.59396e-15
Strain 0 0.0002 0 0.0002 0 0 0 0 0
Strain mean 6.38179e-20 0.0002 2.66006e-18 0.0002 -7.70372e-34 -1.38177e-17 2.66006e-18 -1.38177e-17 2.94306e-33
Plastic strain_mean 5.48883e-20 4.47595e-09 0 4.47595e-09 -5.48883e-20 0 0 0 0
Plastic strain_rate_mean 0 0 0 0 0 0 0 0 0
Dissipation 1.26656e-07
End step 6
Begin step 7
Stress -2.6745e-14 46.6641 2.1613e-12 46.6641 3.72744e-14 -2.4584e-12 2.1613e-12 -2.4584e-12 3.1616e-15
Strain 0 0.000233333 0 0.000233333 0 0 0 0 0
Strain mean 2.10306e-20 0.000233333 1.08065e-17 0.000233333 -9.62965e-35 -1.2292e-17 1.08065e-17 -1.2292e-17 2.67524e-33
Plastic strain_mean 1.70564e-19 1.27727e-08 0 1.27727e-08 -1.70564e-19 0 0 0 0
Plastic strain_rate_mean 0 0 0 0 0 0 0 0 0
Dissipation 3.87159e-07
End step 7
Begin step 8
Stress -7.2097e-14 53.327 2.61314e-12 53.327 5.86009e-14 -2.05526e-12 2.61314e-12 -2.05526e-12 -4.05243e-15
Strain 0 0.000266667 0 0.000266667 0 0 0 0 0
Strain mean -2.69563e-20 0.000266667 1.30657e-17 0.000266667 4.33334e-34 -1.02763e-17 1.30657e-17 -1.02763e-17 1.86875e-33
Plastic strain_mean 3.13267e-19 3.18791e-08 0 3.18791e-08 -3.13267e-19 0 0 0 0
Plastic strain_rate_mean 0 0 0 0 0 0 0 0 0
Dissipation 1.01889e-06
End step 8
Begin step 9
Stress -9.84682e-15 59.9857 -2.405e-12 59.9857 -1.20605e-15 -4.35813e-12 -2.405e-12 -4.35813e-12 -3.3188e-15
Strain 0 0.0003 0 0.0003 0 0 0 0 0
Strain mean -2.20763e-20 0.0003 -1.2025e-17 0.0003 -1.93797e-33 -2.17906e-17 -1.2025e-17 -2.17906e-17 7.83312e-33
Plastic strain_mean 1.05638e-20 7.17409e-08 0 7.17409e-08 -1.05638e-20 0 0 0 0
Plastic strain_rate_mean 0 0 0 0 0 0 0 0 0
Dissipation 2.39114e-06
End step 9
Begin step 10
Stress 5.04524e-14 66.6369 -7.0611e-13 66.6369 -7.34962e-14 -4.19503e-12 -7.0611e-13 -4.19503e-12 -6.91927e-15
Strain 0 0.000333333 0 0.000333333 0 0 0 0 0
Strain mean -4.60262e-20 0.000333333 -3.53055e-18 0.000333333 1.10741e-33 -2.09751e-17 -3.53055e-18 -2.09751e-17 8.01668e-33
Plastic strain_mean -3.32885e-19 1.4865e-07 0 1.4865e-07 3.32885e-19 0 0 0 0
Plastic strain_rate_mean 0 0 0 0 0 0 0 0 0
Dissipation 5.12498e-06
End step 10
Begin step 11
Stress 1.58452e-13 73.2758 1.63676e-13 73.2758 -1.31736e-13 -3.8782e-12 1.63676e-13 -3.8782e-12 8.0219e-15
Strain 0 0.000366667 0 0.000366667 0 0 0 0 0
Strain mean 5.33608e-20 0.000366667 8.1838e-19 0.000366667 1.02315e-34 -1.9391e-17 8.1838e-19 -1.9391e-17 6.44585e-33
Plastic strain_mean -6.98789e-19 2.87888e-07 0 2.87888e-07 6.98789e-19 0 0 0 0
Plastic strain_rate_mean 0 0 0 0 0 0 0 0 0
Dissipation 1.02027e-05
End step 11
Begin step 12
Stress 2.12828e-13 79.8946 5.34608e-13 79.8946 -2.13744e-13 -3.47431e-12 5.34608e-13 -3.47431e-12 -2.75111e-16
Strain 0 0.0004 0 0.0004 0 0 0 0 0
Strain mean -1.83001e-21 0.0004 2.67304e-18 0.0004 2.9551e-33 -1.73716e-17 2.67304e-18 -1.73716e-17 6.10279e-33
Plastic strain_mean -1.06735e-18 5.26935e-07 0 5.26935e-07 1.06735e-18 0 0 0 0
Plastic strain_rate_mean 0 0 0 0 0 0 0 0 0
Dissipation 1.90985e-05
End step 12
Begin step 13
Stress 2.62725e-13 86.4828 6.46611e-13 86.4828 -2.928e-13 -3.06791e-12 6.46611e-13 -3.06791e-12 -9.03064e-15
Strain 0 0.000433333 0 0.000433333 0 0 0 0 0
Strain mean -6.00708e-20 0.000433333 3.23306e-18 0.000433333 -1.58167e-32 -1.53396e-17 3.23306e-18 -1.53396e-17 4.96228e-33
Plastic strain_mean -1.41885e-18 9.19174e-07 0 9.19174e-07 1.41885e-18 0 0 0 0
Plastic strain_rate_mean 0 0 0 0 0 0 0 0 0
Dissipation 3.39218e-05
End step 13
Begin step 14
Stress 3.17522e-13 93.0258 6.85687e-13 93.0258 -3.54171e-13 -2.62519e-12 6.85687e-13 -2.62519e-12 -1.10045e-14
Strain 0 0.000466667 0 0.000466667 0 0 0 0 0
Strain mean -7.32004e-20 0.000466667 3.42843e-18 0.000466667 -1.38787e-32 -1.3126e-17 3.42843e-18 -1.3126e-17 4.40105e-33
Plastic strain_mean -1.71583e-18 1.53789e-06 0 1.53789e-06 1.71583e-18 0 0 0 0
Plastic strain_rate_mean 0 0 0 0 0 0 0 0 0
Dissipation 5.75565e-05
End step 14
Begin step 15
Stress 3.86639e-13 99.504 -2.07952e-12 99.504 -3.288e-13 -1.10141e-12 -2.07952e-12 -1.10141e-12 1.7367e-14
Strain 0 0.0005 0 0.0005 0 0 0 0 0
Strain mean 1.15523e-19 0.0005 -1.03976e-17 0.0005 -1.05541e-31 -5.50704e-18 -1.03976e-17 -5.50704e-18 -2.18172e-33
Plastic strain_mean -1.73084e-18 2.48023e-06 0 2.48023e-06 1.73084e-18 0 0 0 0
Plastic strain_rate_mean 0 0 0 0 0 0 0 0 0
Dissipation 9.37647e-05
End step 15
Begin step 16
Stress 2.76153e-13 105.893 -2.29132e-12 105.893 -3.46542e-13 -2.2804e-13 -2.29132e-12 -2.2804e-13 -2.11355e-14
Strain 0 0.000533333 0 0.000533333 0 0 0 0 0
Strain mean -1.40591e-19 0.000533333 -1.14566e-17 0.000533333 -7.34742e-31 -1.1402e-18 -1.14566e-17 -1.1402e-18 -1.99815e-33
Plastic strain_mean -1.62703e-18 3.87043e-06 0 3.87043e-06 1.62703e-18 0 0 0 0
Plastic strain_rate_mean 0 0 0 0 0 0 0 0 0
Dissipation 0.00014721
End step 16
Begin step 17
Stress 2.7239e-13 112.161 1.52565e-12 112.161 -3.17009e-13 -1.88751e-12 1.52565e-12 -1.88751e-12 -1.33975e-14
Strain 0 0.000566667 0 0.000566667 0 0 0 0 0
Strain mean -8.91186e-20 0.000566667 7.62825e-18 0.000566667 -1.48056e-33 -9.43754e-18 7.62825e-18 -9.43754e-18 -2.61881e-33
Plastic strain_mean -1.51806e-18 5.86173e-06 0 5.86173e-06 1.51806e-18 0 0 0 0
Plastic strain_rate_mean 0 0 0 0 0 0 0 0 0
Dissipation 0.000223342
End step 17
Begin step 18
Stress 2.9243e-13 118.273 2.13332e-12 118.273 -2.78614e-13 -1.37388e-12 2.13332e-12 -1.37388e-12 4.14851e-15
Strain 0 0.0006 0 0.0006 0 0 0 0 0
Strain mean 2.75954e-20 0.0006 1.06666e-17 0.0006 7.65557e-33 -6.86939e-18 1.06666e-17 -6.86939e-18 -3.76384e-33
Plastic strain_mean -1.41381e-18 8.63567e-06 0 8.63567e-06 1.41381e-18 0 0 0 0
Plastic strain_rate_mean 0 0 0 0 0 0 0 0 0
Dissipation 0.000328072
End step 18
Begin step 19
Stress 2.87277e-13 124.187 2.81745e-12 124.187 -2.49639e-13 -6.93653e-13 2.81745e-12 -6.93653e-13 1.13014e-14
Strain 0 0.000633333 0 0.000633333 0 0 0 0 0
Strain mean 7.51756e-20 0.000633333 1.40873e-17 0.000633333 -1.18445e-32 -3.46827e-18 1.40873e-17 -3.46827e-18 -6.1878e-33
Plastic strain_mean -1.3047e-18 1.2398e-05 0 1.2398e-05 1.3047e-18 0 0 0 0
Plastic strain_rate_mean 0 0 0 0 0 0 0 0 0
Dissipation 0.000467219
End step 19
Begin step 20
Stress 3.09619e-13 129.859 -1.28128e-12 129.859 -2.70556e-13 1.09289e-12 -1.28128e-12 1.09289e-12 1.17294e-14
Strain 0 0.000666667 0 0.000666667 0 0 0 0 0
Strain mean 7.80223e-20 0.000666667 -6.40641e-18 0.000666667 -2.45556e-32 5.46446e-18 -6.40641e-18 5.46446e-18 4.07154e-33
Plastic strain_mean -1.41143e-18 1.73707e-05 0 1.73707e-05 1.41143e-18 0 0 0 0
Plastic strain_rate_mean 0 0 0 0 0 0 0 0 0
Dissipation 0.000645704
End step 20
Begin step 21
Stress 3.88617e-13 135.244 -2.60818e-12 135.244 -3.13167e-13 -4.99061e-13 -2.60818e-12 -4.99061e-13 2.26552e-14
Strain 0 0.0007 0 0.0007 0 0 0 0 0
Strain mean 1.507e-19 0.0007 -1.30409e-17 0.0007 -2.29667e-32 -2.49531e-18 -1.30409e-17 -2.49531e-18 6.1705e-33
Plastic strain_mean -1.67911e-18 2.37789e-05 0 2.37789e-05 1.67911e-18 0 0 0 0
Plastic strain_rate_mean 0 0 0 0 0 0 0 0 0
Dissipation 0.000866615
End step 21
Begin step 22
Stress 4.38832e-13 140.299 -3.63039e-12 140.299 -4.36549e-13 -2.96172e-12 -3.63039e-12 -2.96172e-12 6.85595e-16
Strain 0 0.000733333 0 0.000733333 0 0 0 0 0
Strain mean 4.5605e-21 0.000733333 -1.81519e-17 0.000733333 9.10002e-33 -1.48086e-17 -1.81519e-17 -1.48086e-17 6.84006e-33
Plastic strain_mean -2.18617e-18 3.1836e-05 0 3.1836e-05 2.18617e-18 0 0 0 0
Plastic strain_rate_mean 0 0 0 0 0 0 0 0 0
Dissipation 0.00113031
End step 22
Begin step 23
Stress 6.25904e-13 144.988 -3.56962e-12 144.988 -5.77286e-13 -5.41232e-12 -3.56962e-12 -5.41232e-12 1.45984e-14
Strain 0 0.000766667 0 0.000766667 0 0 0 0 0
Strain mean 9.71067e-20 0.000766667 -1.78481e-17 0.000766667 3.08149e-32 -2.70616e-17 -1.78481e-17 -2.70616e-17 8.10395e-33
Plastic strain_mean -2.95942e-18 4.17263e-05 0 4.17263e-05 2.95942e-18 0 0 0 0
Plastic strain_rate_mean 0 0 0 0 0 0 0 0 0
Dissipation 0.0014338
End step 23
Begin step 24
Stress 7.53198e-13 149.282 -2.63299e-12 149.282 -7.43774e-13 -6.67569e-12 -2.63299e-12 -6.67569e-12 2.82972e-15
Strain 0 0.0008 0 0.0008 0 0 0 0 0
Strain mean 1.8823e-20 0.0008 -1.3165e-17 0.0008 1.54074e-32 -3.33784e-17 -1.3165e-17 -3.33784e-17 7.55928e-33
Plastic strain_mean -3.73302e-18 5.35892e-05 0 5.35892e-05 3.73302e-18 0 0 0 0
Plastic strain_rate_mean 0 0 0 0 0 0 0 0 0
Dissipation 0.00177067
End step 24
Begin step 25
Stress 2.21197e-14 153.165 3.51015e-13 153.165 6.21059e-15 1.25558e-12 3.51015e-13 1.25558e-12 8.50662e-15
Strain 0 0.000833333 0 0.000833333 0 0 0 0 0
Strain mean 5.65851e-20 0.000833333 1.75507e-18 0.000833333 5.76623e-31 6.27789e-18 1.75507e-18 6.27789e-18 1.31787e-33
Plastic strain_mean -1.14802e-20 6.75083e-05 0 6.75083e-05 1.14802e-20 0 0 0 0
Plastic strain_rate_mean 0 0 0 0 0 0 0 0 0
Dissipation 0.00213155
End step 25
Begin step 26
Stress -6.99941e-13 156.632 2.44492e-12 156.632 6.68906e-13 3.58529e-12 2.44492e-12 3.58529e-12 -9.31885e-15
Strain 0 0.000866667 0 0.000866667 0 0 0 0 0
Strain mean -6.19879e-20 0.000866667 1.22246e-17 0.000866667 5.32712e-31 1.79264e-17 1.22246e-17 1.79264e-17 -7.64353e-34
Plastic strain_mean 3.39112e-18 8.35059e-05 0 8.35059e-05 -3.39112e-18 0 0 0 0
Plastic strain_rate_mean 0 0 0 0 0 0 0 0 0
Dissipation 0.0025052
End step 26
Begin step 27
Stress -9.13722e-13 159.691 1.88677e-12 159.691 1.01872e-12 2.92911e-12 1.88677e-12 2.92911e-12 3.15286e-14
Strain 0 0.0009 0 0.0009 0 0 0 0 0
Strain mean 2.09725e-19 0.0009 9.43387e-18 0.0009 1.17482e-31 1.46456e-17 9.43387e-18 1.46456e-17 -5.05557e-34
Plastic strain_mean 4.93598e-18 0.000101544 0 0.000101544 -4.93598e-18 0 0 0 0
Plastic strain_rate_mean 0 0 0 0 0 0 0 0 0
Dissipation 0.00287985
End step 27
Begin step 28
Stress 2.21515e-13 162.36 -1.29965e-12 162.36 -2.18141e-13 1.02613e-12 -1.29965e-12 1.02613e-12 1.01311e-15
Strain 0 0.000933333 0 0.000933333 0 0 0 0 0
Strain mean 6.73908e-21 0.000933333 -6.49825e-18 0.000933333 1.96806e-31 5.13067e-18 -6.49825e-18 5.13067e-18 9.93058e-34
Plastic strain_mean -1.09577e-18 0.000121534 0 0.000121534 1.09577e-18 0 0 0 0
Plastic strain_rate_mean 0 0 0 0 0 0 0 0 0
Dissipation 0.00324449
End step 28
Begin step 29
Stress -4.48706e-13 164.665 2.24568e-12 164.665 3.88468e-13 3.90995e-12 2.24568e-12 3.90995e-12 -1.80875e-14
Strain 0 0.000966667 0 0.000966667 0 0 0 0 0
Strain mean -1.20316e-19 0.000966667 1.12284e-17 0.000966667 1.17e-31 1.95497e-17 1.12284e-17 1.95497e-17 1.58588e-33
Plastic strain_mean 2.03278e-18 0.000143342 0 0.000143342 -2.03278e-18 0 0 0 0
Plastic strain_rate_mean 0 0 0 0 0 0 0 0 0
Dissipation 0.00358993
End step 29
Begin step 30
Stress -2.30672e-12 166.638 -4.33637e-12 166.638 2.31806e-12 1.01435e-11 -4.33637e-12 1.01435e-11 3.40614e-15
Strain 0 0.001 0 0.001 0 0 0 0 0
Strain mean 2.26573e-20 0.001 -2.16818e-17 0.001 -5.94992e-32 5.07173e-17 -2.16818e-17 5.07173e-17 -1.32408e-33
Plastic strain_mean 1.15733e-17 0.000166812 0 0.000166812 -1.15733e-17 0 0 0 0
Plastic strain_rate_mean 0 0 0 0 0 0 0 0 0
Dissipation 0.00390937
End step 30
