Begin step 0
Stress 0 0 0 0 0 0 0 0 0
Strain 0 0 0 0 0 0 0 0 0
Strain mean 0 0 0 0 0 0 0 0 0
Plastic strain_mean 0 0 0 0 0 0 0 0 0
Plastic strain_rate_mean 0 0 0 0 0 0 0 0 0
Dissipation 0
End step 0
Begin step 1
Stress 2.06513e-13 6.26417 4.64463e-14 6.26417 -2.06979e-13 -1.56773e-12 4.64463e-14 -1.56773e-12 -1.39739e-16
Strain 0 3.33333e-05 0 3.33333e-05 0 0 0 0 0
Strain mean -9.29529e-22 3.33333e-05 2.32232e-19 3.33333e-05 -2.52538e-32 -7.83863e-18 2.32232e-19 -7.83863e-18 2.49468e-33
Plastic strain_mean -1.0342e-18 2.01246e-06 0 2.01246e-06 1.0342e-18 0 0 0 0
Plastic strain_rate_mean 0 0 0 0 0 0 0 0 0
Dissipation 1.2605e-05
End step 1
Begin step 2
Stress 3.55607e-13 12.1502 4.80152e-14 12.1502 -3.55643e-13 -1.36594e-12 4.80152e-14 -1.36594e-12 -1.09171e-17
Strain 0 6.66667e-05 0 6.66667e-05 0 0 0 0 0
Strain mean -7.26194e-23 6.66667e-05 2.40076e-19 6.66667e-05 2.57352e-32 -6.82968e-18 2.40076e-19 -6.82968e-18 1.43692e-33
Plastic strain_mean -1.77816e-18 5.91559e-06 0 5.91559e-06 1.77816e-18 0 0 0 0
Plastic strain_rate_mean 0 0 0 0 0 0 0 0 0
Dissipation 4.74157e-05
End step 2
Begin step 3
Stress 4.4982e-13 17.681 4.5331e-14 17.681 -4.62342e-13 -1.18707e-12 4.5331e-14 -1.18707e-12 -3.75986e-15
Strain 0 0.0001 0 0.0001 0 0 0 0 0
Strain mean -2.50101e-20 0.0001 2.26655e-19 0.0001 -4.99297e-32 -5.93536e-18 2.26655e-19 -5.93536e-18 1.62952e-33
Plastic strain_mean -2.29291e-18 1.15949e-05 0 1.15949e-05 2.29291e-18 0 0 0 0
Plastic strain_rate_mean 0 0 0 0 0 0 0 0 0
Dissipation 0.000100393
End step 3
Begin step 4
Stress 5.26777e-13 22.8781 4.90927e-14 22.8781 -5.26115e-13 -1.0315e-12 4.90927e-14 -1.0315e-12 1.98692e-16
Strain 0 0.000133333 0 0.000133333 0 0 0 0 0
Strain mean 1.32167e-21 0.000133333 2.45464e-19 0.000133333 -2.6626e-32 -5.1575e-18 2.45464e-19 -5.1575e-18 1.17963e-33
Plastic strain_mean -2.63157e-18 1.89429e-05 0 1.89429e-05 2.63157e-18 0 0 0 0
Plastic strain_rate_mean 0 0 0 0 0 0 0 0 0
Dissipation 0.000168058
End step 4
Begin step 5
Stress 5.54995e-13 27.7616 5.16524e-14 27.7616 -5.71622e-13 -8.96193e-13 5.16524e-14 -8.96193e-13 -4.9924e-15
Strain 0 0.000166667 0 0.000166667 0 0 0 0 0
Strain mean -3.32089e-20 0.000166667 2.58262e-19 0.000166667 4.81482e-35 -4.48097e-18 2.58262e-19 -4.48097e-18 8.89238e-34
Plastic strain_mean -2.83315e-18 2.78584e-05 0 2.78584e-05 2.83315e-18 0 0 0 0
Plastic strain_rate_mean 0 0 0 0 0 0 0 0 0
Dissipation 0.000247421
End step 5
Begin step 6
Stress 1.09727e-12 32.3507 4.12962e-12 32.3507 -1.08176e-12 -1.81602e-12 4.12962e-12 -1.81602e-12 4.65724e-15
Strain 0 0.0002 0 0.0002 0 0 0 0 0
Strain mean 3.09794e-20 0.0002 2.06481e-17 0.0002 2.78177e-32 -9.08012e-18 2.06481e-17 -9.08012e-18 3.96621e-33
Plastic strain_mean -5.43206e-18 3.82465e-05 0 3.82465e-05 5.43206e-18 0 0 0 0
Plastic strain_rate_mean 0 0 0 0 0 0 0 0 0
Dissipation 0.00033592
End step 6
Begin step 7
Stress 1.42877e-12 36.6631 3.65382e-12 36.6631 -1.4571e-12 -1.65272e-12 3.65382e-12 -1.65272e-12 -8.5088e-15
Strain 0 0.000233333 0 0.000233333 0 0 0 0 0
Strain mean -5.65996e-20 0.000233333 1.82691e-17 0.000233333 2.3713e-32 -8.26362e-18 1.82691e-17 -8.26362e-18 4.34538e-33
Plastic strain_mean -7.24297e-18 5.00178e-05 0 5.00178e-05 7.24297e-18 0 0 0 0
Plastic strain_rate_mean 0 0 0 0 0 0 0 0 0
Dissipation 0.000431366
End step 7
Begin step 8
Stress 1.69468e-12 40.7156 3.20692e-12 40.7156 -1.67946e-12 -1.49944e-12 3.20692e-12 -1.49944e-12 4.56772e-15
Strain 0 0.000266667 0 0.000266667 0 0 0 0 0
Strain mean 3.0384e-20 0.000266667 1.60346e-17 0.000266667 -1.2988e-32 -7.4972e-18 1.60346e-17 -7.4972e-18 2.88288e-33
Plastic strain_mean -8.42016e-18 6.30886e-05 0 6.30886e-05 8.42016e-18 0 0 0 0
Plastic strain_rate_mean 0 0 0 0 0 0 0 0 0
Dissipation 0.000531892
End step 8
Begin step 9
Stress 1.35829e-12 44.5231 6.02785e-13 44.5231 -1.32624e-12 2.34632e-12 6.02785e-13 2.34632e-12 9.62453e-15
Strain 0 0.0003 0 0.0003 0 0 0 0 0
Strain mean 6.40213e-20 0.0003 3.01393e-18 0.0003 -2.54223e-32 1.17316e-17 3.01393e-18 1.17316e-17 -1.79728e-33
Plastic strain_mean -6.67933e-18 7.73847e-05 0 7.73847e-05 6.67933e-18 0 0 0 0
Plastic strain_rate_mean 0 0 0 0 0 0 0 0 0
Dissipation 0.000636113
End step 9
Begin step 10
Stress 7.78483e-13 48.0971 -7.09517e-13 48.0971 -7.98073e-13 -1.59443e-12 -7.09517e-13 -1.59443e-12 -5.88214e-15
Strain 0 0.000333333 0 0.000333333 0 0 0 0 0
Strain mean -3.91273e-20 0.000333333 -3.54759e-18 0.000333333 -4.0329e-31 -7.97213e-18 -3.54759e-18 -7.97213e-18 -4.30024e-33
Plastic strain_mean -3.96096e-18 9.28476e-05 0 9.28476e-05 3.96096e-18 0 0 0 0
Plastic strain_rate_mean 0 0 0 0 0 0 0 0 0
Dissipation 0.000743211
End step 10
Begin step 11
Stress 7.8333e-13 51.4448 1.64707e-12 51.4448 -7.83839e-13 -5.82059e-13 1.64707e-12 -5.82059e-13 -1.5284e-16
Strain 0 0.000366667 0 0.000366667 0 0 0 0 0
Strain mean -1.01667e-21 0.000366667 8.23533e-18 0.000366667 4.42964e-33 -2.9103e-18 8.23533e-18 -2.9103e-18 2.76552e-33
Plastic strain_mean -3.91843e-18 0.000109442 0 0.000109442 3.91843e-18 0 0 0 0
Plastic strain_rate_mean 0 0 0 0 0 0 0 0 0
Dissipation 0.000853054
End step 11
Begin step 12
Stress 1.43225e-12 54.5598 4.59183e-12 54.5598 -1.49513e-12 1.31366e-12 4.59183e-12 1.31366e-12 -1.88822e-14
Strain 0 0.0004 0 0.0004 0 0 0 0 0
Strain mean -1.25603e-19 0.0004 2.29591e-17 0.0004 9.62965e-33 6.56831e-18 2.29591e-17 6.56831e-18 -2.70834e-34
Plastic strain_mean -7.38124e-18 0.000127201 0 0.000127201 7.38124e-18 0 0 0 0
Plastic strain_rate_mean 0 0 0 0 0 0 0 0 0
Dissipation 0.000968061
End step 12
Begin step 13
Stress 8.62316e-13 57.4337 -4.54832e-13 57.4337 -8.42733e-13 4.12437e-12 -4.54832e-13 4.12437e-12 5.87996e-15
Strain 0 0.000433333 0 0.000433333 0 0 0 0 0
Strain mean 3.91128e-20 0.000433333 -2.27416e-18 0.000433333 -1.21141e-31 2.06218e-17 -2.27416e-18 2.06218e-17 -1.8823e-33
Plastic strain_mean -4.24307e-18 0.000146165 0 0.000146165 4.24307e-18 0 0 0 0
Plastic strain_rate_mean 0 0 0 0 0 0 0 0 0
Dissipation 0.0010881
End step 13
Begin step 14
Stress -1.79334e-13 60.0614 -1.03263e-12 60.0614 2.0445e-13 6.95277e-13 -1.03263e-12 6.95277e-13 7.54155e-15
Strain 0 0.000466667 0 0.000466667 0 0 0 0 0
Strain mean 5.01655e-20 0.000466667 -5.16317e-18 0.000466667 -7.19696e-32 3.47639e-18 -5.16317e-18 3.47639e-18 7.10187e-34
Plastic strain_mean 9.84542e-19 0.00016636 0 0.00016636 -9.84542e-19 0 0 0 0
Plastic strain_rate_mean 0 0 0 0 0 0 0 0 0
Dissipation 0.00121163
End step 14
Begin step 15
Stress -1.59959e-12 62.4413 -2.17679e-12 62.4413 1.50987e-12 -2.68966e-12 -2.17679e-12 -2.68966e-12 -2.69391e-14
Strain 0 0.0005 0 0.0005 0 0 0 0 0
Strain mean -1.79196e-19 0.0005 -1.08839e-17 0.0005 4.35742e-32 -1.34483e-17 -1.08839e-17 -1.34483e-17 -2.88137e-34
Plastic strain_mean 7.68406e-18 0.000187793 0 0.000187793 -7.68406e-18 0 0 0 0
Plastic strain_rate_mean 0 0 0 0 0 0 0 0 0
Dissipation 0.00133676
End step 15
Begin step 16
Stress -1.48009e-12 64.5762 1.49262e-12 64.5762 1.45352e-12 -4.79598e-12 1.49262e-12 -4.79598e-12 -7.97605e-15
Strain 0 0.000533333 0 0.000533333 0 0 0 0 0
Strain mean -5.30558e-20 0.000533333 7.46312e-18 0.000533333 -2.16667e-32 -2.39799e-17 7.46312e-18 -2.39799e-17 -8.32062e-34
Plastic strain_mean 7.30749e-18 0.000210452 0 0.000210452 -7.30749e-18 0 0 0 0
Plastic strain_rate_mean 0 0 0 0 0 0 0 0 0
Dissipation 0.00146135
End step 16
Begin step 17
Stress -1.13654e-12 66.4726 1.99058e-12 66.4726 1.11662e-12 -1.83838e-13 1.99058e-12 -1.83838e-13 -5.98258e-15
Strain 0 0.000566667 0 0.000566667 0 0 0 0 0
Strain mean -3.97954e-20 0.000566667 9.9529e-18 0.000566667 -1.46563e-31 -9.1919e-19 9.9529e-18 -9.1919e-19 -5.37154e-34
Plastic strain_mean 5.61299e-18 0.000234304 0 0.000234304 -5.61299e-18 0 0 0 0
Plastic strain_rate_mean 0 0 0 0 0 0 0 0 0
Dissipation 0.00158323
End step 17
Begin step 18
Stress -8.89047e-13 68.1406 4.14755e-12 68.1406 9.78226e-13 -2.09088e-12 4.14755e-12 -2.09088e-12 2.67775e-14
Strain 0 0.0006 0 0.0006 0 0 0 0 0
Strain mean 1.78121e-19 0.0006 2.07378e-17 0.0006 1.38655e-31 -1.04544e-17 2.07378e-17 -1.04544e-17 4.63427e-34
Plastic strain_mean 4.75724e-18 0.000259297 0 0.000259297 -4.75724e-18 0 0 0 0
Plastic strain_rate_mean 0 0 0 0 0 0 0 0 0
Dissipation 0.00170045
End step 18
Begin step 19
Stress -2.51939e-12 69.5934 -5.38672e-12 69.5934 2.51284e-12 9.61503e-12 -5.38672e-12 9.61503e-12 -1.96508e-15
Strain 0 0.000633333 0 0.000633333 0 0 0 0 0
Strain mean -1.30715e-20 0.000633333 -2.69336e-17 0.000633333 -1.08647e-31 4.80751e-17 -2.69336e-17 4.80751e-17 -1.41887e-33
Plastic strain_mean 1.2574e-17 0.000285366 0 0.000285366 -1.2574e-17 0 0 0 0
Plastic strain_rate_mean 0 0 0 0 0 0 0 0 0
Dissipation 0.00181128
End step 19
Begin step 20
Stress -3.26791e-12 70.8469 -3.88782e-12 70.8469 3.34033e-12 7.25167e-12 -3.88782e-12 7.25167e-12 2.17469e-14
Strain 0 0.000666667 0 0.000666667 0 0 0 0 0
Strain mean 1.44658e-19 0.000666667 -1.94391e-17 0.000666667 7.41483e-32 3.62584e-17 -1.94391e-17 3.62584e-17 -1.38727e-33
Plastic strain_mean 1.65929e-17 0.000312432 0 0.000312432 -1.65929e-17 0 0 0 0
Plastic strain_rate_mean 0 0 0 0 0 0 0 0 0
Dissipation 0.00191411
End step 20
Begin step 21
Stress -3.50443e-12 71.9194 1.14734e-12 71.9194 3.49321e-12 5.92804e-14 1.14734e-12 5.92804e-14 -3.37121e-15
Strain 0 0.0007 0 0.0007 0 0 0 0 0
Strain mean -2.24249e-20 0.0007 5.73672e-18 0.0007 2.7613e-32 2.96402e-19 5.73672e-18 2.96402e-19 -3.29585e-34
Plastic strain_mean 1.74829e-17 0.000340403 0 0.000340403 -1.74829e-17 0 0 0 0
Plastic strain_rate_mean 0 0 0 0 0 0 0 0 0
Dissipation 0.00200783
End step 21
Begin step 22
Stress -3.57441e-13 72.8299 1.64197e-12 72.8299 3.62328e-13 -2.89473e-12 1.64197e-12 -2.89473e-12 1.46726e-15
Strain 0 0.000733333 0 0.000733333 0 0 0 0 0
Strain mean 9.76005e-21 0.000733333 8.20986e-18 0.000733333 -2.52778e-32 -1.44736e-17 8.20986e-18 -1.44736e-17 6.55945e-33
Plastic strain_mean 1.8043e-18 0.000369184 0 0.000369184 -1.8043e-18 0 0 0 0
Plastic strain_rate_mean 0 0 0 0 0 0 0 0 0
Dissipation 0.00209183
End step 22
Begin step 23
Stress 1.49454e-12 73.5979 1.30792e-12 73.5979 -1.50658e-12 -3.4678e-12 1.30792e-12 -3.4678e-12 -3.61575e-15
Strain 0 0.000766667 0 0.000766667 0 0 0 0 0
Strain mean -2.40516e-20 0.000766667 6.53961e-18 0.000766667 4.23705e-33 -1.7339e-17 6.53961e-18 -1.7339e-17 5.19249e-33
Plastic strain_mean -7.51482e-18 0.000398677 0 0.000398677 7.51482e-18 0 0 0 0
Plastic strain_rate_mean 0 0 0 0 0 0 0 0 0
Dissipation 0.00216595
End step 23
Begin step 24
Stress 2.36855e-12 74.2421 9.74758e-13 74.2421 -2.3995e-12 -4.25516e-12 9.74758e-13 -4.25516e-12 -9.29265e-15
Strain 0 0.0008 0 0.0008 0 0 0 0 0
Strain mean -6.18137e-20 0.0008 4.87379e-18 0.0008 1.22297e-32 -2.12758e-17 4.87379e-18 -2.12758e-17 3.93236e-33
Plastic strain_mean -1.1951e-17 0.00042879 0 0.00042879 1.1951e-17 0 0 0 0
Plastic strain_rate_mean 0 0 0 0 0 0 0 0 0
Dissipation 0.00223045
End step 24
Begin step 25
Stress 2.5522e-12 74.7801 8.33888e-13 74.7801 -2.6495e-12 -4.92306e-12 8.33888e-13 -4.92306e-12 -2.92142e-14
Strain 0 0.000833333 0 0.000833333 0 0 0 0 0
Strain mean -1.9433e-19 0.000833333 4.16944e-18 0.000833333 7.48705e-33 -2.46153e-17 4.16944e-18 -2.46153e-17 2.13507e-33
Plastic strain_mean -1.31014e-17 0.000459433 0 0.000459433 1.31014e-17 0 0 0 0
Plastic strain_rate_mean 0 0 0 0 0 0 0 0 0
Dissipation 0.00228591
End step 25
Begin step 26
Stress 2.50257e-12 75.228 9.57127e-13 75.228 -2.55519e-12 -4.73687e-12 9.57127e-13 -4.73687e-12 -1.57993e-14
Strain 0 0.000866667 0 0.000866667 0 0 0 0 0
Strain mean -1.05095e-19 0.000866667 4.78563e-18 0.000866667 5.04654e-33 -2.36843e-17 4.78563e-18 -2.36843e-17 1.12697e-33
Plastic strain_mean -1.2697e-17 0.000490527 0 0.000490527 1.2697e-17 0 0 0 0
Plastic strain_rate_mean 0 0 0 0 0 0 0 0 0
Dissipation 0.00233308
End step 26
Begin step 27
Stress 2.33795e-12 75.6001 1.14661e-12 75.6001 -2.31585e-12 -3.4474e-12 1.14661e-12 -3.4474e-12 6.63761e-15
Strain 0 0.0009 0 0.0009 0 0 0 0 0
Strain mean 4.41526e-20 0.0009 5.73303e-18 0.0009 -4.78473e-34 -1.7237e-17 5.73303e-18 -1.7237e-17 6.85736e-34
Plastic strain_mean -1.16124e-17 0.000522 0 0.000522 1.16124e-17 0 0 0 0
Plastic strain_rate_mean 0 0 0 0 0 0 0 0 0
Dissipation 0.00237285
End step 27
Begin step 28
Stress 2.30599e-12 75.909 3.09303e-12 75.909 -2.22239e-12 -7.03366e-12 3.09303e-12 -7.03366e-12 2.51006e-14
Strain 0 0.000933333 0 0.000933333 0 0 0 0 0
Strain mean 1.66967e-19 0.000933333 1.54651e-17 0.000933333 -3.43778e-32 -3.51683e-17 1.54651e-17 -3.51683e-17 -3.08751e-33
Plastic strain_mean -1.12375e-17 0.000553788 0 0.000553788 1.12375e-17 0 0 0 0
Plastic strain_rate_mean 0 0 0 0 0 0 0 0 0
Dissipation 0.00240614
End step 28
Begin step 29
Stress 4.61764e-14 76.1656 2.72029e-12 76.1656 2.41548e-14 -9.08087e-13 2.72029e-12 -9.08087e-13 2.11181e-14
Strain 0 0.000966667 0 0.000966667 0 0 0 0 0
Strain mean 1.40475e-19 0.000966667 1.36015e-17 0.000966667 -7.23764e-31 -4.54043e-18 1.36015e-17 -4.54043e-18 -8.93752e-34
Plastic strain_mean 1.51836e-20 0.000585839 0 0.000585839 -1.51836e-20 0 0 0 0
Plastic strain_rate_mean 0 0 0 0 0 0 0 0 0
Dissipation 0.00243383
End step 29
Begin step 30
Stress -1.4526e-12 76.3789 -1.3926e-12 76.3789 1.42556e-12 -8.12952e-13 -1.3926e-12 -8.12952e-13 -8.11797e-15
Strain 0 0.001 0 0.001 0 0 0 0 0
Strain mean -5.39998e-20 0.001 -6.963e-18 0.001 -2.42282e-31 -4.06476e-18 -6.963e-18 -4.06476e-18 5.77027e-34
Plastic strain_mean 7.16841e-18 0.000618106 0 0.000618106 -7.16841e-18 0 0 0 0
Plastic strain_rate_mean 0 0 0 0 0 0 0 0 0
Dissipation 0.00245675
End step 30
