Begin step 0
Stress 0 0 0 0 0 0 0 0 0
Strain 0 0 0 0 0 0 0 0 0
Strain mean 0 0 0 0 0 0 0 0 0
Plastic strain_mean 0 0 0 0 0 0 0 0 0
Plastic strain_rate_mean 0 0 0 0 0 0 0 0 0
Dissipation 0
End step 0
Begin step 1
Stress -7.63233e-16 6.6641 -3.64622e-13 6.6641 1.12136e-15 1.89585e-12 -3.64622e-13 1.89585e-12 1.07534e-16
Strain 0 3.33333e-05 0 3.33333e-05 0 0 0 0 0
Strain mean 7.15301e-22 3.33333e-05 -1.82311e-18 3.33333e-05 -6.74075e-34 9.47923e-18 -1.82311e-18 9.47923e-18 1.50087e-33
Plastic strain_mean 5.06913e-21 1.28472e-08 0 1.28472e-08 -5.06913e-21 0 0 0 0
Plastic strain_rate_mean 0 0 0 0 0 0 0 0 0
Dissipation 8.56152e-08
End step 1
Begin step 2
Stress 1.86035e-14 13.3256 3.11435e-12 13.3256 -2.19411e-14 2.06184e-12 3.11435e-12 2.06184e-12 -1.00219e-15
Strain 0 6.66667e-05 0 6.66667e-05 0 0 0 0 0
Strain mean -6.66646e-21 6.66667e-05 1.55718e-17 6.66667e-05 3.08149e-32 1.03092e-17 1.55718e-17 1.03092e-17 4.95626e-33
Plastic strain_mean -1.04695e-19 3.85368e-08 0 3.85368e-08 1.04695e-19 0 0 0 0
Plastic strain_rate_mean 0 0 0 0 0 0 0 0 0
Dissipation 3.42329e-07
End step 2
Begin step 3
Stress 4.65752e-14 19.9846 3.03632e-12 19.9846 -4.03835e-14 2.00357e-12 3.03632e-12 2.00357e-12 1.85919e-15
Strain 0 0.0001 0 0.0001 0 0 0 0 0
Strain mean 1.23671e-20 0.0001 1.51816e-17 0.0001 -1.13413e-31 1.00179e-17 1.51816e-17 1.00179e-17 4.5801e-33
Plastic strain_mean -2.11213e-19 7.70636e-08 0 7.70636e-08 2.11213e-19 0 0 0 0
Plastic strain_rate_mean 0 0 0 0 0 0 0 0 0
Dissipation 7.69942e-07
End step 3
Begin step 4
Stress 6.92072e-14 26.641 3.07631e-12 26.641 -6.15356e-14 2.0341e-12 3.07631e-12 2.0341e-12 2.30351e-15
Strain 0 0.000133333 0 0.000133333 0 0 0 0 0
Strain mean 1.53227e-20 0.000133333 1.53815e-17 0.000133333 5.29631e-32 1.01705e-17 1.53815e-17 1.01705e-17 5.10371e-33
Plastic strain_mean -3.19195e-19 1.28423e-07 0 1.28423e-07 3.19195e-19 0 0 0 0
Plastic strain_rate_mean 0 0 0 0 0 0 0 0 0
Dissipation 1.36826e-06
End step 4
Begin step 5
Stress 9.30502e-14 33.2948 3.0687e-12 33.2948 -8.20846e-14 2.02604e-12 3.0687e-12 2.02604e-12 3.2926e-15
Strain 0 0.000166667 0 0.000166667 0 0 0 0 0
Strain mean 2.1902e-20 0.000166667 1.53435e-17 0.000166667 7.46298e-32 1.01302e-17 1.53435e-17 1.01302e-17 4.69144e-33
Plastic strain_mean -4.26886e-19 1.92609e-07 0 1.92609e-07 4.26886e-19 0 0 0 0
Plastic strain_rate_mean 0 0 0 0 0 0 0 0 0
Dissipation 2.13708e-06
End step 5
Begin step 6
Stress 1.00659e-13 39.9461 3.07119e-12 39.9461 -1.09559e-13 2.0264e-12 3.07119e-12 2.0264e-12 -2.67251e-15
Strain 0 0.0002 0 0.0002 0 0 0 0 0
Strain mean -1.77772e-20 0.0002 1.5356e-17 0.0002 -1.48537e-31 1.0132e-17 1.5356e-17 1.0132e-17 4.50186e-33
Plastic strain_mean -5.34434e-19 2.69618e-07 0 2.69618e-07 5.34434e-19 0 0 0 0
Plastic strain_rate_mean 0 0 0 0 0 0 0 0 0
Dissipation 3.0762e-06
End step 6
Begin step 7
Stress 9.97268e-14 46.5948 2.24495e-12 46.5948 -1.00818e-13 1.95597e-12 2.24495e-12 1.95597e-12 -3.27514e-16
Strain 0 0.000233333 0 0.000233333 0 0 0 0 0
Strain mean -2.17858e-21 0.000233333 1.12248e-17 0.000233333 -2.0463e-33 9.77986e-18 1.12248e-17 9.77986e-18 -6.51205e-33
Plastic strain_mean -5.0245e-19 3.59545e-07 0 3.59545e-07 5.0245e-19 0 0 0 0
Plastic strain_rate_mean 0 0 0 0 0 0 0 0 0
Dissipation 4.19011e-06
End step 7
Begin step 8
Stress 7.86598e-14 53.2407 -2.42053e-12 53.2407 -8.93637e-14 1.80619e-12 -2.42053e-12 1.80619e-12 -3.214e-15
Strain 0 0.000266667 0 0.000266667 0 0 0 0 0
Strain mean -2.13792e-20 0.000266667 -1.21026e-17 0.000266667 -6.37964e-34 9.03096e-18 -1.21026e-17 9.03096e-18 1.09236e-33
Plastic strain_mean -4.30748e-19 4.63308e-07 0 4.63308e-07 4.30748e-19 0 0 0 0
Plastic strain_rate_mean 0 0 0 0 0 0 0 0 0
Dissipation 5.52436e-06
End step 8
Begin step 9
Stress -3.11423e-15 59.8831 -3.31581e-12 59.8831 -5.01431e-14 3.51251e-12 -3.31581e-12 3.51251e-12 -1.59914e-14
Strain 0 0.0003 0 0.0003 0 0 0 0 0
Strain mean -1.06373e-19 0.0003 -1.6579e-17 0.0003 1.14954e-33 1.75626e-17 -1.6579e-17 1.75626e-17 -3.99931e-33
Plastic strain_mean -1.70759e-19 5.84721e-07 0 5.84721e-07 1.70759e-19 0 0 0 0
Plastic strain_rate_mean 0 0 0 0 0 0 0 0 0
Dissipation 7.27054e-06
End step 9
Begin step 10
Stress -1.08573e-13 66.5206 -3.91674e-12 66.5206 7.27389e-14 5.77891e-12 -3.91674e-12 5.77891e-12 -1.07599e-14
Strain 0 0.000333333 0 0.000333333 0 0 0 0 0
Strain mean -7.15737e-20 0.000333333 -1.95837e-17 0.000333333 -6.37964e-34 2.88946e-17 -1.95837e-17 2.88946e-17 -6.6264e-33
Plastic strain_mean 4.17494e-19 7.30095e-07 0 7.30095e-07 -4.17494e-19 0 0 0 0
Plastic strain_rate_mean 0 0 0 0 0 0 0 0 0
Dissipation 9.67037e-06
End step 10
Begin step 11
Stress -4.53356e-14 73.1513 -2.42802e-12 73.1513 3.15122e-14 -8.14745e-13 -2.42802e-12 -8.14745e-13 -4.15069e-15
Strain 0 0.000366667 0 0.000366667 0 0 0 0 0
Strain mean -2.76099e-20 0.000366667 -1.21401e-17 0.000366667 -8.06483e-34 -4.07373e-18 -1.21401e-17 -4.07373e-18 6.42478e-34
Plastic strain_mean 1.78314e-19 9.10268e-07 0 9.10268e-07 -1.78314e-19 0 0 0 0
Plastic strain_rate_mean 0 0 0 0 0 0 0 0 0
Dissipation 1.31798e-05
End step 11
Begin step 12
Stress -8.73286e-14 79.7708 3.17947e-12 79.7708 6.93096e-14 -7.32824e-13 3.17947e-12 -7.32824e-13 -5.41052e-15
Strain 0 0.0004 0 0.0004 0 0 0 0 0
Strain mean -3.59902e-20 0.0004 1.58974e-17 0.0004 -8.90743e-34 -3.66412e-18 1.58974e-17 -3.66412e-18 -1.54676e-33
Plastic strain_mean 3.736e-19 1.14579e-06 0 1.14579e-06 -3.736e-19 0 0 0 0
Plastic strain_rate_mean 0 0 0 0 0 0 0 0 0
Dissipation 1.87881e-05
End step 12
Begin step 13
Stress 6.59573e-15 86.3703 -6.35553e-12 86.3703 -1.22967e-14 3.43802e-12 -6.35553e-12 3.43802e-12 -1.7118e-15
Strain 0 0.000433333 0 0.000433333 0 0 0 0 0
Strain mean -1.13867e-20 0.000433333 -3.17776e-17 0.000433333 -2.40741e-33 1.71901e-17 -3.17776e-17 1.71901e-17 -9.58451e-34
Plastic strain_mean -5.29244e-20 1.4819e-06 0 1.4819e-06 5.29244e-20 0 0 0 0
Plastic strain_rate_mean 0 0 0 0 0 0 0 0 0
Dissipation 2.90297e-05
End step 13
Begin step 14
Stress 7.42436e-14 92.9235 -5.43182e-13 92.9235 -5.30395e-14 -1.02848e-12 -5.43182e-13 -1.02848e-12 6.36686e-15
Strain 0 0.000466667 0 0.000466667 0 0 0 0 0
Strain mean 4.23516e-20 0.000466667 -2.71591e-18 0.000466667 7.88428e-33 -5.14241e-18 -2.71591e-18 -5.14241e-18 -2.39538e-33
Plastic strain_mean -2.97032e-19 2.04926e-06 0 2.04926e-06 2.97032e-19 0 0 0 0
Plastic strain_rate_mean 0 0 0 0 0 0 0 0 0
Dissipation 5.27197e-05
End step 14
Begin step 15
Stress -1.00822e-13 99.2835 -6.93603e-13 99.2835 1.47477e-13 -1.85472e-12 -6.93603e-13 -1.85472e-12 1.40088e-14
Strain 0 0.0005 0 0.0005 0 0 0 0 0
Strain mean 9.31852e-20 0.0005 -3.46802e-18 0.0005 -1.95963e-32 -9.27362e-18 -3.46802e-18 -9.27362e-18 -6.56622e-33
Plastic strain_mean 6.67341e-19 3.58269e-06 0 3.58269e-06 -6.67341e-19 0 0 0 0
Plastic strain_rate_mean 0 0 0 0 0 0 0 0 0
Dissipation 0.000152241
End step 15
Begin step 16
Stress 1.23996e-13 102.947 1.60803e-12 102.947 -1.07883e-13 -1.83835e-12 1.60803e-12 -1.83835e-12 4.83847e-15
Strain 0 0.000533333 0 0.000533333 0 0 0 0 0
Strain mean 3.21849e-20 0.000533333 8.04013e-18 0.000533333 -2.10649e-35 -9.19173e-18 8.04013e-18 -9.19173e-18 6.77085e-36
Plastic strain_mean -5.63605e-19 1.85982e-05 0 1.85982e-05 5.63605e-19 0 0 0 0
Plastic strain_rate_mean 0 0 0 0 0 0 0 0 0
Dissipation 0.00154568
End step 16
Begin step 17
Stress -1.15232e-12 103.216 8.87288e-14 103.216 1.10341e-12 4.13443e-13 8.87288e-14 4.13443e-13 -1.46857e-14
Strain 0 0.000566667 0 0.000566667 0 0 0 0 0
Strain mean -9.76876e-20 0.000566667 4.43644e-19 0.000566667 -9.46113e-33 2.06722e-18 4.43644e-19 2.06722e-18 4.42362e-34
Plastic strain_mean 5.59047e-18 5.05857e-05 0 5.05857e-05 -5.59047e-18 0 0 0 0
Plastic strain_rate_mean 0 0 0 0 0 0 0 0 0
Dissipation 0.00330124
End step 17
Begin step 18
Stress -3.70605e-13 103.246 -9.14841e-14 103.246 3.97597e-13 2.48927e-12 -9.14841e-14 2.48927e-12 8.10487e-15
Strain 0 0.0006 0 0.0006 0 0 0 0 0
Strain mean 5.39127e-20 0.0006 -4.57421e-19 0.0006 4.71853e-33 1.24463e-17 -4.57421e-19 1.24463e-17 5.89816e-34
Plastic strain_mean 1.94746e-18 8.37701e-05 0 8.37701e-05 -1.94746e-18 0 0 0 0
Plastic strain_rate_mean 0 0 0 0 0 0 0 0 0
Dissipation 0.00342561
End step 18
Begin step 19
Stress -1.36674e-12 103.268 -1.1888e-12 103.268 1.29273e-12 1.15965e-12 -1.1888e-12 1.15965e-12 -2.22229e-14
Strain 0 0.000633333 0 0.000633333 0 0 0 0 0
Strain mean -1.47824e-19 0.000633333 -5.94399e-18 0.000633333 2.40741e-34 5.79823e-18 -5.94399e-18 5.79823e-18 1.45724e-33
Plastic strain_mean 6.57477e-18 0.000116995 0 0.000116995 -6.57477e-18 0 0 0 0
Plastic strain_rate_mean 0 0 0 0 0 0 0 0 0
Dissipation 0.00343043
End step 19
Begin step 20
Stress 2.28252e-12 103.289 -1.07964e-12 103.289 -2.3516e-12 3.35467e-13 -1.07964e-12 3.35467e-13 -2.07425e-14
Strain 0 0.000666667 0 0.000666667 0 0 0 0 0
Strain mean -1.37977e-19 0.000666667 -5.3982e-18 0.000666667 2.62889e-32 1.67733e-18 -5.3982e-18 1.67733e-18 -2.09144e-34
Plastic strain_mean -1.16543e-17 0.000150223 0 0.000150223 1.16543e-17 0 0 0 0
Plastic strain_rate_mean 0 0 0 0 0 0 0 0 0
Dissipation 0.00343126
End step 20
Begin step 21
Stress 6.9486e-13 103.31 -3.36207e-12 103.31 -6.32499e-13 -4.24143e-13 -3.36207e-12 -4.24143e-13 1.8725e-14
Strain 0 0.0007 0 0.0007 0 0 0 0 0
Strain mean 1.24557e-19 0.0007 -1.68103e-17 0.0007 1.65141e-32 -2.12072e-18 -1.68103e-17 -2.12072e-18 7.05974e-33
Plastic strain_mean -3.25612e-18 0.000183452 0 0.000183452 3.25612e-18 0 0 0 0
Plastic strain_rate_mean 0 0 0 0 0 0 0 0 0
Dissipation 0.00343192
End step 21
Begin step 22
Stress 6.78449e-13 103.331 -2.11805e-12 103.331 -6.85008e-13 -5.42859e-13 -2.11805e-12 -5.42859e-13 -1.96945e-15
Strain 0 0.000733333 0 0.000733333 0 0 0 0 0
Strain mean -1.31005e-20 0.000733333 -1.05903e-17 0.000733333 -7.80002e-33 -2.7143e-18 -1.05903e-17 -2.7143e-18 3.52836e-33
Plastic strain_mean -3.41519e-18 0.00021668 0 0.00021668 3.41519e-18 0 0 0 0
Plastic strain_rate_mean 0 0 0 0 0 0 0 0 0
Dissipation 0.00343255
End step 22
Begin step 23
Stress 2.8977e-12 103.351 2.2079e-12 103.351 -2.8453e-12 -1.76797e-12 2.2079e-12 -1.76797e-12 1.57338e-14
Strain 0 0.000766667 0 0.000766667 0 0 0 0 0
Strain mean 1.04659e-19 0.000766667 1.10395e-17 0.000766667 6.64446e-33 -8.83985e-18 1.10395e-17 -8.83985e-18 -1.67917e-33
Plastic strain_mean -1.43052e-17 0.000249909 0 0.000249909 1.43052e-17 0 0 0 0
Plastic strain_rate_mean 0 0 0 0 0 0 0 0 0
Dissipation 0.00343316
End step 23
Begin step 24
Stress -1.47994e-12 103.372 -2.28612e-12 103.372 1.40709e-12 -4.3331e-13 -2.28612e-12 -4.3331e-13 -2.18735e-14
Strain 0 0.0008 0 0.0008 0 0 0 0 0
Strain mean -1.455e-19 0.0008 -1.14306e-17 0.0008 -6.36761e-33 -2.16655e-18 -1.14306e-17 -2.16655e-18 1.35116e-33
Plastic strain_mean 7.14483e-18 0.000283138 0 0.000283138 -7.14483e-18 0 0 0 0
Plastic strain_rate_mean 0 0 0 0 0 0 0 0 0
Dissipation 0.00343376
End step 24
Begin step 25
Stress 1.78352e-12 103.393 -4.55708e-13 103.393 -1.86821e-12 9.09136e-13 -4.55708e-13 9.09136e-13 -2.54282e-14
Strain 0 0.000833333 0 0.000833333 0 0 0 0 0
Strain mean -1.69145e-19 0.000833333 -2.27854e-18 0.000833333 -1.49958e-31 4.54568e-18 -2.27854e-18 4.54568e-18 4.15429e-33
Plastic strain_mean -9.21389e-18 0.000316367 0 0.000316367 9.21389e-18 0 0 0 0
Plastic strain_rate_mean 0 0 0 0 0 0 0 0 0
Dissipation 0.00343436
End step 25
Begin step 26
Stress 3.12032e-13 103.414 -7.89696e-13 103.414 -2.88734e-13 -1.71292e-13 -7.89696e-13 -1.71292e-13 6.99569e-15
Strain 0 0.000866667 0 0.000866667 0 0 0 0 0
Strain mean 4.65345e-20 0.000866667 -3.94848e-18 0.000866667 4.29242e-32 -8.56459e-19 -3.94848e-18 -8.56459e-19 -3.81462e-33
Plastic strain_mean -1.47865e-18 0.000349596 0 0.000349596 1.47865e-18 0 0 0 0
Plastic strain_rate_mean 0 0 0 0 0 0 0 0 0
Dissipation 0.00343495
End step 26
Begin step 27
Stress 7.53865e-13 103.435 -5.43958e-13 103.435 -7.20648e-13 -1.19332e-13 -5.43958e-13 -1.19332e-13 9.97388e-15
Strain 0 0.0009 0 0.0009 0 0 0 0 0
Strain mean 6.63451e-20 0.0009 -2.71979e-18 0.0009 -1.97408e-32 -5.96662e-19 -2.71979e-18 -5.96662e-19 -2.19742e-33
Plastic strain_mean -3.65311e-18 0.000382825 0 0.000382825 3.65311e-18 0 0 0 0
Plastic strain_rate_mean 0 0 0 0 0 0 0 0 0
Dissipation 0.00343554
End step 27
Begin step 28
Stress 1.17993e-12 103.456 -4.67481e-13 103.456 -1.13488e-12 -7.65032e-14 -4.67481e-13 -7.65032e-14 1.35285e-14
Strain 0 0.000933333 0 0.000933333 0 0 0 0 0
Strain mean 8.999e-20 0.000933333 -2.3374e-18 0.000933333 -1.47526e-31 -3.82516e-19 -2.3374e-18 -3.82516e-19 -2.28949e-33
Plastic strain_mean -5.74203e-18 0.000416054 0 0.000416054 5.74203e-18 0 0 0 0
Plastic strain_rate_mean 0 0 0 0 0 0 0 0 0
Dissipation 0.00343613
End step 28
Begin step 29
Stress 1.33565e-12 103.477 -4.0506e-13 103.477 -1.42971e-12 -4.39417e-14 -4.0506e-13 -4.39417e-14 -2.82448e-14
Strain 0 0.000966667 0 0.000966667 0 0 0 0 0
Strain mean -1.87881e-19 0.000966667 -2.0253e-18 0.000966667 1.56963e-32 -2.19709e-19 -2.0253e-18 -2.19709e-19 -1.54451e-33
Plastic strain_mean -7.00734e-18 0.000449283 0 0.000449283 7.00734e-18 0 0 0 0
Plastic strain_rate_mean 0 0 0 0 0 0 0 0 0
Dissipation 0.00343673
End step 29
Begin step 30
Stress 1.39289e-12 103.498 -3.42945e-13 103.498 -1.43954e-12 -1.47979e-14 -3.42945e-13 -1.47979e-14 -1.40088e-14
Strain 0 0.001 0 0.001 0 0 0 0 0
Strain mean -9.31852e-20 0.001 -1.71473e-18 0.001 7.7952e-32 -7.39894e-20 -1.71473e-18 -7.39894e-20 -1.08935e-33
Plastic strain_mean -7.12768e-18 0.000482511 0 0.000482511 7.12768e-18 0 0 0 0
Plastic strain_rate_mean 0 0 0 0 0 0 0 0 0
Dissipation 0.00343732
End step 30
