Begin step 0
Stress 0 0 0 0 0 0 0 0 0
Strain 0 0 0 0 0 0 0 0 0
Strain mean 0 0 0 0 0 0 0 0 0
Plastic strain_mean 0 0 0 0 0 0 0 0 0
Plastic strain_rate_mean 0 0 0 0 0 0 0 0 0
Dissipation 0
End step 0
Begin step 1
Stress -2.3871e-18 6.64106 1.34969e-12 6.64106 -8.14762e-16 -9.69962e-13 1.34969e-12 -9.69962e-13 -2.45362e-16
Strain 0 3.33333e-05 0 3.33333e-05 0 0 0 0 0
Strain mean -1.63212e-21 3.33333e-05 6.74846e-18 3.33333e-05 -1.38426e-33 -4.84981e-18 6.74846e-18 -4.84981e-18 -7.24105e-34
Plastic strain_mean -2.847e-21 1.28028e-07 0 1.28028e-07 2.847e-21 0 0 0 0
Plastic strain_rate_mean 0 0 0 0 0 0 0 0 0
Dissipation 8.50234e-07
End step 1
Begin step 2
Stress -2.20668e-15 13.2566 -2.59063e-13 13.2566 8.06893e-16 2.61179e-12 -2.59063e-13 2.61179e-12 -4.20309e-16
Strain 0 6.66667e-05 0 6.66667e-05 0 0 0 0 0
Strain mean -2.79585e-21 6.66667e-05 -1.29531e-18 6.66667e-05 1.10982e-32 1.30589e-17 -1.29531e-18 1.30589e-17 1.69271e-33
Plastic strain_mean 6.13601e-21 3.8359e-07 0 3.8359e-07 -6.13601e-21 0 0 0 0
Plastic strain_rate_mean 0 0 0 0 0 0 0 0 0
Dissipation 3.38785e-06
End step 2
Begin step 3
Stress 7.3594e-15 19.8468 -2.5189e-13 19.8468 7.48198e-15 2.60041e-12 -2.5189e-13 2.60041e-12 4.45637e-15
Strain 0 0.0001 0 0.0001 0 0 0 0 0
Strain mean 2.96432e-20 0.0001 -1.25945e-18 0.0001 8.90743e-33 1.3002e-17 -1.25945e-18 1.3002e-17 2.04254e-33
Plastic strain_mean 1.51281e-20 7.66195e-07 0 7.66195e-07 -1.51281e-20 0 0 0 0
Plastic strain_rate_mean 0 0 0 0 0 0 0 0 0
Dissipation 7.59337e-06
End step 3
Begin step 4
Stress 5.76343e-15 26.4116 -2.51612e-13 26.4116 9.31792e-15 2.58907e-12 -2.51612e-13 2.58907e-12 4.52842e-15
Strain 0 0.000133333 0 0.000133333 0 0 0 0 0
Strain mean 3.01225e-20 0.000133333 -1.25806e-18 0.000133333 1.32408e-33 1.29453e-17 -1.25806e-18 1.29453e-17 1.77622e-33
Plastic strain_mean 2.39475e-20 1.27535e-06 0 1.27535e-06 -2.39475e-20 0 0 0 0
Plastic strain_rate_mean 0 0 0 0 0 0 0 0 0
Dissipation 1.34475e-05
End step 4
Begin step 5
Stress -4.32746e-15 32.9512 -2.43887e-13 32.9512 7.44698e-15 2.57808e-12 -2.43887e-13 2.57808e-12 9.36689e-16
Strain 0 0.000166667 0 0.000166667 0 0 0 0 0
Strain mean 6.23075e-21 0.000166667 -1.21944e-18 0.000166667 -3.22593e-33 1.28904e-17 -1.21944e-18 1.28904e-17 2.04931e-33
Plastic strain_mean 3.25515e-20 1.91058e-06 0 1.91058e-06 -3.25515e-20 0 0 0 0
Plastic strain_rate_mean 0 0 0 0 0 0 0 0 0
Dissipation 2.0931e-05
End step 5
Begin step 6
Stress 1.405e-15 39.4657 -2.42435e-13 39.4657 1.23093e-14 2.56709e-12 -2.42435e-13 2.56709e-12 4.11794e-15
Strain 0 0.0002 0 0.0002 0 0 0 0 0
Strain mean 2.7392e-20 0.0002 -1.21218e-18 0.0002 3.9963e-33 1.28355e-17 -1.21218e-18 1.28355e-17 1.90186e-33
Plastic strain_mean 4.09567e-20 2.67138e-06 0 2.67138e-06 -4.09567e-20 0 0 0 0
Plastic strain_rate_mean 0 0 0 0 0 0 0 0 0
Dissipation 3.0025e-05
End step 6
Begin step 7
Stress -2.43246e-15 45.9551 -2.67014e-12 45.9551 2.00589e-14 1.80239e-12 -2.67014e-12 1.80239e-12 5.29262e-15
Strain 0 0.000233333 0 0.000233333 0 0 0 0 0
Strain mean 3.52059e-20 0.000233333 -1.33507e-17 0.000233333 -1.48056e-33 9.01195e-18 -1.33507e-17 9.01195e-18 3.26204e-33
Plastic strain_mean 7.38313e-20 3.55804e-06 0 3.55804e-06 -7.38313e-20 0 0 0 0
Plastic strain_rate_mean 0 0 0 0 0 0 0 0 0
Dissipation 4.07451e-05
End step 7
Begin step 8
Stress 7.8093e-14 52.4179 1.44558e-12 52.4179 -6.31789e-14 -2.19192e-12 1.44558e-12 -2.19192e-12 4.4782e-15
Strain 0 0.000266667 0 0.000266667 0 0 0 0 0
Strain mean 2.97885e-20 0.000266667 7.22791e-18 0.000266667 -4.71732e-32 -1.09596e-17 7.22791e-18 -1.09596e-17 -9.71993e-34
Plastic strain_mean -3.38285e-19 4.57725e-06 0 4.57725e-06 3.38285e-19 0 0 0 0
Plastic strain_rate_mean 0 0 0 0 0 0 0 0 0
Dissipation 5.3423e-05
End step 8
Begin step 9
Stress 9.60275e-14 58.8476 8.71063e-13 58.8476 -1.66591e-13 -2.49461e-12 8.71063e-13 -2.49461e-12 -2.11879e-14
Strain 0 0.0003 0 0.0003 0 0 0 0 0
Strain mean -1.4094e-19 0.0003 4.35531e-18 0.0003 -2.78056e-32 -1.24731e-17 4.35531e-18 -1.24731e-17 -1.44445e-33
Plastic strain_mean -7.27017e-19 5.76207e-06 0 5.76207e-06 7.27017e-19 0 0 0 0
Plastic strain_rate_mean 0 0 0 0 0 0 0 0 0
Dissipation 6.97211e-05
End step 9
Begin step 10
Stress 2.31659e-13 65.2329 -4.54792e-14 65.2329 -2.04405e-13 -1.65381e-12 -4.54792e-14 -1.65381e-12 8.18347e-15
Strain 0 0.000333333 0 0.000333333 0 0 0 0 0
Strain mean 5.44355e-20 0.000333333 -2.27396e-19 0.000333333 8.66187e-32 -8.26903e-18 -2.27396e-19 -8.26903e-18 -9.32872e-34
Plastic strain_mean -1.06294e-18 7.16901e-06 0 7.16901e-06 1.06294e-18 0 0 0 0
Plastic strain_rate_mean 0 0 0 0 0 0 0 0 0
Dissipation 9.17751e-05
End step 10
Begin step 11
Stress 1.88248e-13 71.555 2.76202e-12 71.555 -2.00711e-13 1.90739e-13 2.76202e-12 1.90739e-13 -3.74239e-15
Strain 0 0.000366667 0 0.000366667 0 0 0 0 0
Strain mean -2.48939e-20 0.000366667 1.38101e-17 0.000366667 -4.21297e-35 9.53695e-19 1.38101e-17 9.53695e-19 -2.97616e-33
Plastic strain_mean -9.84843e-19 8.89146e-06 0 8.89146e-06 9.84843e-19 0 0 0 0
Plastic strain_rate_mean 0 0 0 0 0 0 0 0 0
Dissipation 0.000123243
End step 11
Begin step 12
Stress 2.45396e-13 77.78 -3.30499e-12 77.78 -2.82096e-13 1.37875e-12 -3.30499e-12 1.37875e-12 -1.10197e-14
Strain 0 0.0004 0 0.0004 0 0 0 0 0
Strain mean -7.3302e-20 0.0004 -1.6525e-17 0.0004 -2.20308e-32 6.89373e-18 -1.6525e-17 6.89373e-18 -1.29624e-33
Plastic strain_mean -1.35538e-18 1.10998e-05 0 1.10998e-05 1.35538e-18 0 0 0 0
Plastic strain_rate_mean 0 0 0 0 0 0 0 0 0
Dissipation 0.000171753
End step 12
Begin step 13
Stress -1.42026e-13 83.8392 6.75844e-12 83.8392 1.43248e-13 -3.36831e-12 6.75844e-12 -3.36831e-12 3.66815e-16
Strain 0 0.000433333 0 0.000433333 0 0 0 0 0
Strain mean 2.44001e-21 0.000433333 3.37922e-17 0.000433333 4.0276e-32 -1.68416e-17 3.37922e-17 -1.68416e-17 6.09075e-33
Plastic strain_mean 7.14405e-19 1.41372e-05 0 1.41372e-05 -7.14405e-19 0 0 0 0
Plastic strain_rate_mean 0 0 0 0 0 0 0 0 0
Dissipation 0.000254635
End step 13
Begin step 14
Stress 7.64904e-14 89.5706 -1.42156e-12 89.5706 -8.16678e-14 -3.97058e-12 -1.42156e-12 -3.97058e-12 -1.5546e-15
Strain 0 0.000466667 0 0.000466667 0 0 0 0 0
Strain mean -1.0341e-20 0.000466667 -7.10779e-18 0.000466667 -3.85186e-34 -1.98529e-17 -7.10779e-18 -1.98529e-17 6.90326e-33
Plastic strain_mean -4.00566e-19 1.88138e-05 0 1.88138e-05 4.00566e-19 0 0 0 0
Plastic strain_rate_mean 0 0 0 0 0 0 0 0 0
Dissipation 0.000418841
End step 14
Begin step 15
Stress 2.89166e-13 94.5211 2.1022e-13 94.5211 -2.56473e-13 2.55049e-12 2.1022e-13 2.55049e-12 9.81667e-15
Strain 0 0.0005 0 0.0005 0 0 0 0 0
Strain mean 6.52994e-20 0.0005 1.0511e-18 0.0005 -2.9563e-32 1.27525e-17 1.0511e-18 1.27525e-17 1.25787e-33
Plastic strain_mean -1.33145e-18 2.73943e-05 0 2.73943e-05 1.33145e-18 0 0 0 0
Plastic strain_rate_mean 0 0 0 0 0 0 0 0 0
Dissipation 0.000810913
End step 15
Begin step 16
Stress 7.51828e-13 97.6295 -3.09799e-13 97.6295 -7.75054e-13 -8.08052e-13 -3.09799e-13 -8.08052e-13 -6.97386e-15
Strain 0 0.000533333 0 0.000533333 0 0 0 0 0
Strain mean -4.63893e-20 0.000533333 -1.549e-18 0.000533333 -3.93612e-33 -4.04026e-18 -1.549e-18 -4.04026e-18 -1.30452e-33
Plastic strain_mean -3.8404e-18 4.51857e-05 0 4.51857e-05 3.8404e-18 0 0 0 0
Plastic strain_rate_mean 0 0 0 0 0 0 0 0 0
Dissipation 0.00173656
End step 16
Begin step 17
Stress 2.10208e-12 98.7058 4.31099e-13 98.7058 -2.15134e-12 -4.10558e-12 4.31099e-13 -4.10558e-12 -1.47905e-14
Strain 0 0.000566667 0 0.000566667 0 0 0 0 0
Strain mean -9.83848e-20 0.000566667 2.1555e-18 0.000566667 -1.1375e-33 -2.05279e-17 2.1555e-18 -2.05279e-17 3.18832e-33
Plastic strain_mean -1.06827e-17 7.31375e-05 0 7.31375e-05 1.06827e-17 0 0 0 0
Plastic strain_rate_mean 0 0 0 0 0 0 0 0 0
Dissipation 0.0027581
End step 17
Begin step 18
Stress 1.33901e-12 98.9657 7.5995e-14 98.9657 -1.28211e-12 3.87256e-12 7.5995e-14 3.87256e-12 1.70875e-14
Strain 0 0.0006 0 0.0006 0 0 0 0 0
Strain mean 1.13664e-19 0.0006 3.79975e-19 0.0006 1.07262e-33 1.93628e-17 3.79975e-19 1.93628e-17 1.3064e-33
Plastic strain_mean -6.49597e-18 0.000105171 0 0.000105171 6.49597e-18 0 0 0 0
Plastic strain_rate_mean 0 0 0 0 0 0 0 0 0
Dissipation 0.00316897
End step 18
Begin step 19
Stress 3.42511e-15 99.0361 -2.903e-13 99.0361 1.12979e-13 5.16716e-13 -2.903e-13 5.16716e-13 3.49522e-14
Strain 0 0.000633333 0 0.000633333 0 0 0 0 0
Strain mean 2.32498e-19 0.000633333 -1.4515e-18 0.000633333 6.68245e-34 2.58358e-18 -1.4515e-18 2.58358e-18 7.82456e-34
Plastic strain_mean 3.90134e-19 0.000138153 0 0.000138153 -3.90134e-19 0 0 0 0
Plastic strain_rate_mean 0 0 0 0 0 0 0 0 0
Dissipation 0.00326477
End step 19
Begin step 20
Stress -7.50374e-13 99.0685 -1.8766e-12 99.0685 7.37808e-13 -9.50447e-13 -1.8766e-12 -9.50447e-13 -3.77296e-15
Strain 0 0.000666667 0 0.000666667 0 0 0 0 0
Strain mean -2.50973e-20 0.000666667 -9.38299e-18 0.000666667 -2.45556e-33 -4.75223e-18 -9.38299e-18 -4.75223e-18 3.64121e-34
Plastic strain_mean 3.70791e-18 0.000171324 0 0.000171324 -3.70791e-18 0 0 0 0
Plastic strain_rate_mean 0 0 0 0 0 0 0 0 0
Dissipation 0.00328441
End step 20
Begin step 21
Stress 3.26052e-13 99.0932 -2.84688e-12 99.0932 -2.80081e-13 -4.84709e-13 -2.84688e-12 -4.84709e-13 1.38036e-14
Strain 0 0.0007 0 0.0007 0 0 0 0 0
Strain mean 9.182e-20 0.0007 -1.42344e-17 0.0007 -1.3632e-33 -2.42355e-18 -1.42344e-17 -2.42355e-18 -4.43867e-34
Plastic strain_mean -1.46942e-18 0.000204534 0 0.000204534 1.46942e-18 0 0 0 0
Plastic strain_rate_mean 0 0 0 0 0 0 0 0 0
Dissipation 0.00328882
End step 21
Begin step 22
Stress 3.81808e-13 99.1161 -2.33366e-12 99.1161 -4.19678e-13 -2.6832e-13 -2.33366e-12 -2.6832e-13 -1.13713e-14
Strain 0 0.000733333 0 0.000733333 0 0 0 0 0
Strain mean -7.56404e-20 0.000733333 -1.16683e-17 0.000733333 2.94908e-34 -1.3416e-18 -1.16683e-17 -1.3416e-18 -4.45371e-34
Plastic strain_mean -2.04153e-18 0.000237753 0 0.000237753 2.04153e-18 0 0 0 0
Plastic strain_rate_mean 0 0 0 0 0 0 0 0 0
Dissipation 0.00329028
End step 22
Begin step 23
Stress 3.88519e-13 99.1384 -1.9333e-12 99.1384 -2.97304e-13 -1.32972e-13 -1.9333e-12 -1.32972e-13 2.73889e-14
Strain 0 0.000766667 0 0.000766667 0 0 0 0 0
Strain mean 1.82188e-19 0.000766667 -9.66649e-18 0.000766667 -3.15973e-35 -6.64862e-19 -9.66649e-18 -6.64862e-19 -5.7176e-34
Plastic strain_mean -1.62347e-18 0.000270975 0 0.000270975 1.62347e-18 0 0 0 0
Plastic strain_rate_mean 0 0 0 0 0 0 0 0 0
Dissipation 0.00329114
End step 23
Begin step 24
Stress 2.43548e-13 99.1603 -1.63315e-12 99.1603 -2.46457e-13 -4.45618e-14 -1.63315e-12 -4.45618e-14 -8.7337e-16
Strain 0 0.0008 0 0.0008 0 0 0 0 0
Strain mean -5.80955e-21 0.0008 -8.16576e-18 0.0008 1.2338e-33 -2.22809e-19 -8.16576e-18 -2.22809e-19 -1.63253e-34
Plastic strain_mean -1.22792e-18 0.000304198 0 0.000304198 1.22792e-18 0 0 0 0
Plastic strain_rate_mean 0 0 0 0 0 0 0 0 0
Dissipation 0.00329185
End step 24
Begin step 25
Stress 5.60876e-14 99.182 -1.46257e-12 99.182 -1.82788e-13 1.37695e-14 -1.46257e-12 1.37695e-14 -3.8044e-14
Strain 0 0.000833333 0 0.000833333 0 0 0 0 0
Strain mean -2.53064e-19 0.000833333 -7.31285e-18 0.000833333 -1.23117e-33 6.88476e-20 -7.31285e-18 6.88476e-20 3.93085e-34
Plastic strain_mean -7.23722e-19 0.000337423 0 0.000337423 7.23722e-19 0 0 0 0
Plastic strain_rate_mean 0 0 0 0 0 0 0 0 0
Dissipation 0.00329252
End step 25
Begin step 26
Stress 6.78534e-14 99.2035 -1.30641e-12 99.2035 -1.14348e-13 4.79958e-14 -1.30641e-12 4.79958e-14 -1.39608e-14
Strain 0 0.000866667 0 0.000866667 0 0 0 0 0
Strain mean -9.28657e-20 0.000866667 -6.53206e-18 0.000866667 -6.16899e-35 2.39979e-19 -6.53206e-18 2.39979e-19 -2.74972e-34
Plastic strain_mean -5.01937e-19 0.000370649 0 0.000370649 5.01937e-19 0 0 0 0
Plastic strain_rate_mean 0 0 0 0 0 0 0 0 0
Dissipation 0.00329317
End step 26
Begin step 27
Stress -3.69189e-13 99.2249 -3.95034e-13 99.2249 3.91819e-13 -6.95728e-13 -3.95034e-13 -6.95728e-13 6.79481e-15
Strain 0 0.0009 0 0.0009 0 0 0 0 0
Strain mean 4.51983e-20 0.0009 -1.97517e-18 0.0009 -4.17686e-33 -3.47864e-18 -1.97517e-18 -3.47864e-18 -2.88889e-34
Plastic strain_mean 1.92512e-18 0.000403876 0 0.000403876 -1.92512e-18 0 0 0 0
Plastic strain_rate_mean 0 0 0 0 0 0 0 0 0
Dissipation 0.0032938
End step 27
Begin step 28
Stress -4.45819e-13 99.2461 -4.47342e-13 99.2461 4.18551e-13 -5.7064e-13 -4.47342e-13 -5.7064e-13 -8.18784e-15
Strain 0 0.000933333 0 0.000933333 0 0 0 0 0
Strain mean -5.44646e-20 0.000933333 -2.23671e-18 0.000933333 -1.61898e-33 -2.8532e-18 -2.23671e-18 -2.8532e-18 2.0463e-34
Plastic strain_mean 2.13369e-18 0.000437103 0 0.000437103 -2.13369e-18 0 0 0 0
Plastic strain_rate_mean 0 0 0 0 0 0 0 0 0
Dissipation 0.00329442
End step 28
Begin step 29
Stress -4.36403e-13 99.2672 -4.59141e-13 99.2672 4.86258e-13 -4.84577e-13 -4.59141e-13 -4.84577e-13 1.49696e-14
Strain 0 0.000966667 0 0.000966667 0 0 0 0 0
Strain mean 9.95758e-20 0.000966667 -2.2957e-18 0.000966667 -6.24423e-34 -2.42288e-18 -2.2957e-18 -2.42288e-18 8.54631e-34
Plastic strain_mean 2.35644e-18 0.000470331 0 0.000470331 -2.35644e-18 0 0 0 0
Plastic strain_rate_mean 0 0 0 0 0 0 0 0 0
Dissipation 0.00329503
End step 29
Begin step 30
Stress -4.11271e-13 99.2882 -4.01975e-13 99.2882 4.92335e-13 -4.2634e-13 -4.01975e-13 -4.2634e-13 2.43408e-14
Strain 0 0.001 0 0.001 0 0 0 0 0
Strain mean 1.61912e-19 0.001 -2.00987e-18 0.001 -4.89006e-34 -2.1317e-18 -2.00987e-18 -2.1317e-18 5.41668e-34
Plastic strain_mean 2.33997e-18 0.000503559 0 0.000503559 -2.33997e-18 0 0 0 0
Plastic strain_rate_mean 0 0 0 0 0 0 0 0 0
Dissipation 0.00329564
End step 30
