Begin step 0
Stress 0 0 0 0 0 0 0 0 0
Strain 0 0 0 0 0 0 0 0 0
Strain mean 0 0 0 0 0 0 0 0 0
Plastic strain_mean 0 0 0 0 0 0 0 0 0
Plastic strain_rate_mean 0 0 0 0 0 0 0 0 0
Dissipation 0
End step 0
Begin step 1
Stress -2.16725e-14 6.6564 -3.25887e-12 6.6564 1.96583e-14 2.24082e-12 -3.25887e-12 2.24082e-12 -6.04808e-16
Strain 0 3.33333e-05 0 3.33333e-05 0 0 0 0 0
Strain mean -4.02312e-21 3.33333e-05 -1.62943e-17 3.33333e-05 3.77964e-33 1.12041e-17 -1.62943e-17 1.12041e-17 8.17016e-34
Plastic strain_mean 1.01316e-19 5.13295e-08 0 5.13295e-08 -1.01316e-19 0 0 0 0
Plastic strain_rate_mean 0 0 0 0 0 0 0 0 0
Dissipation 3.41669e-07
End step 1
Begin step 2
Stress -8.64995e-14 13.3026 1.71476e-12 13.3026 8.76447e-14 -5.65314e-12 1.71476e-12 -5.65314e-12 3.43889e-16
Strain 0 6.66667e-05 0 6.66667e-05 0 0 0 0 0
Strain mean 2.28751e-21 6.66667e-05 8.57382e-18 6.66667e-05 1.09056e-32 -2.82657e-17 8.57382e-18 -2.82657e-17 -7.88428e-34
Plastic strain_mean 4.36504e-19 1.53909e-07 0 1.53909e-07 -4.36504e-19 0 0 0 0
Plastic strain_rate_mean 0 0 0 0 0 0 0 0 0
Dissipation 1.36457e-06
End step 2
Begin step 3
Stress -1.51548e-13 19.9385 1.71595e-12 19.9385 1.54857e-13 -5.6445e-12 1.71595e-12 -5.6445e-12 9.93458e-16
Strain 0 0.0001 0 0.0001 0 0 0 0 0
Strain mean 6.60837e-21 0.0001 8.57973e-18 0.0001 7.46298e-33 -2.82225e-17 8.57973e-18 -2.82225e-17 -1.45047e-33
Plastic strain_mean 7.69317e-19 3.0766e-07 0 3.0766e-07 -7.69317e-19 0 0 0 0
Plastic strain_rate_mean 0 0 0 0 0 0 0 0 0
Dissipation 3.06554e-06
End step 3
Begin step 4
Stress -2.26307e-13 26.5642 1.71796e-12 26.5642 2.1732e-13 -5.63136e-12 1.71796e-12 -5.63136e-12 -2.69871e-15
Strain 0 0.000133333 0 0.000133333 0 0 0 0 0
Strain mean -1.79515e-20 0.000133333 8.58978e-18 0.000133333 8.16113e-33 -2.81568e-17 8.58978e-18 -2.81568e-17 -1.13449e-33
Plastic strain_mean 1.10009e-18 5.12503e-07 0 5.12503e-07 -1.10009e-18 0 0 0 0
Plastic strain_rate_mean 0 0 0 0 0 0 0 0 0
Dissipation 5.44145e-06
End step 4
Begin step 5
Stress -2.77448e-13 33.1797 1.72296e-12 33.1797 2.89359e-13 -5.61946e-12 1.72296e-12 -5.61946e-12 3.57645e-15
Strain 0 0.000166667 0 0.000166667 0 0 0 0 0
Strain mean 2.37901e-20 0.000166667 8.6148e-18 0.000166667 1.08574e-32 -2.80973e-17 8.6148e-18 -2.80973e-17 -7.55326e-34
Plastic strain_mean 1.42891e-18 7.68359e-07 0 7.68359e-07 -1.42891e-18 0 0 0 0
Plastic strain_rate_mean 0 0 0 0 0 0 0 0 0
Dissipation 8.48915e-06
End step 5
Begin step 6
Stress -3.63385e-13 39.785 1.72017e-12 39.785 3.45846e-13 -5.60812e-12 1.72017e-12 -5.60812e-12 -5.26642e-15
Strain 0 0.0002 0 0.0002 0 0 0 0 0
Strain mean -3.50316e-20 0.0002 8.60085e-18 0.0002 1.75741e-32 -2.80406e-17 8.60085e-18 -2.80406e-17 -1.21273e-33
Plastic strain_mean 1.75556e-18 1.07515e-06 0 1.07515e-06 -1.75556e-18 0 0 0 0
Plastic strain_rate_mean 0 0 0 0 0 0 0 0 0
Dissipation 1.22055e-05
End step 6
Begin step 7
Stress -3.12208e-13 46.38 1.44801e-12 46.38 3.17458e-13 -1.77584e-12 1.44801e-12 -1.77584e-12 1.57643e-15
Strain 0 0.000233333 0 0.000233333 0 0 0 0 0
Strain mean 1.04862e-20 0.000233333 7.24006e-18 0.000233333 3.10556e-33 -8.87919e-18 7.24006e-18 -8.87919e-18 -4.55151e-35
Plastic strain_mean 1.57941e-18 1.43309e-06 0 1.43309e-06 -1.57941e-18 0 0 0 0
Plastic strain_rate_mean 0 0 0 0 0 0 0 0 0
Dissipation 1.66012e-05
End step 7
Begin step 8
Stress -3.06733e-13 52.9644 -5.97958e-13 52.9644 3.48589e-13 4.52688e-13 -5.97958e-13 4.52688e-13 1.25678e-14
Strain 0 0.000266667 0 0.000266667 0 0 0 0 0
Strain mean 8.35995e-20 0.000266667 -2.98979e-18 0.000266667 2.40741e-35 2.26344e-18 -2.98979e-18 2.26344e-18 -5.37906e-34
Plastic strain_mean 1.68011e-18 1.84479e-06 0 1.84479e-06 -1.68011e-18 0 0 0 0
Plastic strain_rate_mean 0 0 0 0 0 0 0 0 0
Dissipation 2.18049e-05
End step 8
Begin step 9
Stress -4.43714e-13 59.5357 -2.66704e-12 59.5357 4.37446e-13 3.21551e-12 -2.66704e-12 3.21551e-12 -1.88211e-15
Strain 0 0.0003 0 0.0003 0 0 0 0 0
Strain mean -1.25196e-20 0.0003 -1.33352e-17 0.0003 -2.88889e-33 1.60775e-17 -1.33352e-17 1.60775e-17 -3.76459e-33
Plastic strain_mean 2.19664e-18 2.32128e-06 0 2.32128e-06 -2.19664e-18 0 0 0 0
Plastic strain_rate_mean 0 0 0 0 0 0 0 0 0
Dissipation 2.83677e-05
End step 9
Begin step 10
Stress -5.23667e-13 66.0908 -2.7079e-12 66.0908 5.35593e-13 4.99515e-12 -2.7079e-12 4.99515e-12 3.58081e-15
Strain 0 0.000333333 0 0.000333333 0 0 0 0 0
Strain mean 2.38192e-20 0.000333333 -1.35395e-17 0.000333333 -6.57224e-33 2.49758e-17 -1.35395e-17 2.49758e-17 -4.58913e-33
Plastic strain_mean 2.66006e-18 2.87915e-06 0 2.87915e-06 -2.66006e-18 0 0 0 0
Plastic strain_rate_mean 0 0 0 0 0 0 0 0 0
Dissipation 3.68697e-05
End step 10
Begin step 11
Stress -5.08739e-13 72.625 9.85855e-13 72.625 4.59902e-13 -1.79519e-12 9.85855e-13 -1.79519e-12 -1.46639e-14
Strain 0 0.000366667 0 0.000366667 0 0 0 0 0
Strain mean -9.75424e-20 0.000366667 4.92927e-18 0.000366667 1.365e-32 -8.97596e-18 4.92927e-18 -8.97596e-18 -9.23845e-34
Plastic strain_mean 2.37283e-18 3.54169e-06 0 3.54169e-06 -2.37283e-18 0 0 0 0
Plastic strain_rate_mean 0 0 0 0 0 0 0 0 0
Dissipation 4.81159e-05
End step 11
Begin step 12
Stress -3.46352e-13 79.1313 1.73034e-12 79.1313 3.72995e-13 -3.45229e-12 1.73034e-12 -3.45229e-12 8.00006e-15
Strain 0 0.0004 0 0.0004 0 0 0 0 0
Strain mean 5.32155e-20 0.0004 8.65168e-18 0.0004 -3.53589e-34 -1.72615e-17 8.65168e-18 -1.72615e-17 -1.78149e-33
Plastic strain_mean 1.82498e-18 4.34346e-06 0 4.34346e-06 -1.82498e-18 0 0 0 0
Plastic strain_rate_mean 0 0 0 0 0 0 0 0 0
Dissipation 6.3444e-05
End step 12
Begin step 13
Stress -4.00774e-13 85.5994 -7.19237e-13 85.5994 4.17411e-13 5.82052e-13 -7.19237e-13 5.82052e-13 4.99567e-15
Strain 0 0.000433333 0 0.000433333 0 0 0 0 0
Strain mean 3.32306e-20 0.000433333 -3.59619e-18 0.000433333 1.84745e-31 2.91026e-18 -3.59619e-18 2.91026e-18 -7.58335e-34
Plastic strain_mean 2.06208e-18 5.33643e-06 0 5.33643e-06 -2.06208e-18 0 0 0 0
Plastic strain_rate_mean 0 0 0 0 0 0 0 0 0
Dissipation 8.49947e-05
End step 13
Begin step 14
Stress -2.70787e-13 92.0129 2.22402e-12 92.0129 2.97896e-13 -4.2205e-12 2.22402e-12 -4.2205e-12 8.1398e-15
Strain 0 0.000466667 0 0.000466667 0 0 0 0 0
Strain mean 5.4145e-20 0.000466667 1.11201e-17 0.000466667 1.23741e-32 -2.11025e-17 1.11201e-17 -2.11025e-17 5.78856e-33
Plastic strain_mean 1.44878e-18 6.6022e-06 0 6.6022e-06 -1.44878e-18 0 0 0 0
Plastic strain_rate_mean 0 0 0 0 0 0 0 0 0
Dissipation 0.000116464
End step 14
Begin step 15
Stress -4.12535e-13 98.3448 -3.56548e-12 98.3448 4.30408e-13 3.21555e-12 -3.56548e-12 3.21555e-12 5.36686e-15
Strain 0 0.0005 0 0.0005 0 0 0 0 0
Strain mean 3.56997e-20 0.0005 -1.78274e-17 0.0005 -3.09352e-33 1.60777e-17 -1.78274e-17 1.60777e-17 -1.5588e-33
Plastic strain_mean 2.12521e-18 8.27597e-06 0 8.27597e-06 -2.12521e-18 0 0 0 0
Plastic strain_rate_mean 0 0 0 0 0 0 0 0 0
Dissipation 0.0001646
End step 15
Begin step 16
Stress -2.31919e-13 104.548 -2.41995e-12 104.548 1.82763e-13 2.11071e-12 -2.41995e-12 2.11071e-12 -1.47599e-14
Strain 0 0.000533333 0 0.000533333 0 0 0 0 0
Strain mean -9.81815e-20 0.000533333 -1.20998e-17 0.000533333 -1.29398e-33 1.05536e-17 -1.20998e-17 1.05536e-17 -2.11702e-33
Plastic strain_mean 9.87612e-19 1.05956e-05 0 1.05956e-05 -9.87612e-19 0 0 0 0
Plastic strain_rate_mean 0 0 0 0 0 0 0 0 0
Dissipation 0.000242499
End step 16
Begin step 17
Stress -9.28206e-13 110.53 4.59058e-12 110.53 8.88299e-13 -2.07599e-12 4.59058e-12 -2.07599e-12 -1.19826e-14
Strain 0 0.000566667 0 0.000566667 0 0 0 0 0
Strain mean -7.97071e-20 0.000566667 2.29529e-17 0.000566667 8.55474e-32 -1.038e-17 2.29529e-17 -1.038e-17 4.54098e-33
Plastic strain_mean 4.50141e-18 1.40144e-05 0 1.40144e-05 -4.50141e-18 0 0 0 0
Plastic strain_rate_mean 0 0 0 0 0 0 0 0 0
Dissipation 0.000377858
End step 17
Begin step 18
Stress -1.21196e-12 116.107 -4.0453e-14 116.107 1.28179e-12 1.54997e-12 -4.0453e-14 1.54997e-12 2.09696e-14
Strain 0 0.0006 0 0.0006 0 0 0 0 0
Strain mean 1.39487e-19 0.0006 -2.02265e-19 0.0006 1.83349e-31 7.74983e-18 -2.02265e-19 7.74983e-18 -1.05174e-33
Plastic strain_mean 6.30413e-18 1.94651e-05 0 1.94651e-05 -6.30413e-18 0 0 0 0
Plastic strain_rate_mean 0 0 0 0 0 0 0 0 0
Dissipation 0.000632819
End step 18
Begin step 19
Stress -1.16236e-12 120.9 -1.79835e-12 120.9 1.27005e-12 5.64303e-12 -1.79835e-12 5.64303e-12 3.23365e-14
Strain 0 0.000633333 0 0.000633333 0 0 0 0 0
Strain mean 2.15099e-19 0.000633333 -8.99173e-18 0.000633333 -4.66075e-32 2.82152e-17 -8.99173e-18 2.82152e-17 3.8639e-33
Plastic strain_mean 6.18856e-18 2.88309e-05 0 2.88309e-05 -6.18856e-18 0 0 0 0
Plastic strain_rate_mean 0 0 0 0 0 0 0 0 0
Dissipation 0.00113219
End step 19
Begin step 20
Stress -1.21487e-12 124.358 -2.5735e-13 124.358 1.27683e-12 -3.73669e-13 -2.5735e-13 -3.73669e-13 1.86028e-14
Strain 0 0.000666667 0 0.000666667 0 0 0 0 0
Strain mean 1.23743e-19 0.000666667 -1.28675e-18 0.000666667 -3.22593e-33 -1.86834e-18 -1.28675e-18 -1.86834e-18 -1.61297e-33
Plastic strain_mean 6.29113e-18 4.48749e-05 0 4.48749e-05 -6.29113e-18 0 0 0 0
Plastic strain_rate_mean 0 0 0 0 0 0 0 0 0
Dissipation 0.00199487
End step 20
Begin step 21
Stress 1.90633e-12 126.275 6.30535e-13 126.275 -1.87504e-12 5.93468e-15 6.30535e-13 5.93468e-15 9.39746e-15
Strain 0 0.0007 0 0.0007 0 0 0 0 0
Strain mean 6.25108e-20 0.0007 3.15268e-18 0.0007 2.78658e-33 2.96734e-20 3.15268e-18 2.96734e-20 -3.09503e-33
Plastic strain_mean -9.42217e-18 6.86227e-05 0 6.86227e-05 9.42217e-18 0 0 0 0
Plastic strain_rate_mean 0 0 0 0 0 0 0 0 0
Dissipation 0.00299803
End step 21
Begin step 22
Stress -9.00109e-13 127.123 -9.28313e-13 127.123 1.01819e-12 1.13726e-12 -9.28313e-13 1.13726e-12 3.54544e-14
Strain 0 0.000733333 0 0.000733333 0 0 0 0 0
Strain mean 2.35839e-19 0.000733333 -4.64156e-18 0.000733333 1.39179e-32 5.68629e-18 -4.64156e-18 5.68629e-18 1.83565e-34
Plastic strain_mean 4.91366e-18 9.77179e-05 0 9.77179e-05 -4.91366e-18 0 0 0 0
Plastic strain_rate_mean 0 0 0 0 0 0 0 0 0
Dissipation 0.00369749
End step 22
Begin step 23
Stress -1.61368e-12 127.463 -1.98021e-12 127.463 1.65666e-12 3.08722e-12 -1.98021e-12 3.08722e-12 1.2904e-14
Strain 0 0.000766667 0 0.000766667 0 0 0 0 0
Strain mean 8.58362e-20 0.000766667 -9.90103e-18 0.000766667 2.53982e-33 1.54361e-17 -9.90103e-18 1.54361e-17 -1.19919e-33
Plastic strain_mean 8.21877e-18 0.000129352 0 0.000129352 -8.21877e-18 0 0 0 0
Plastic strain_rate_mean 0 0 0 0 0 0 0 0 0
Dissipation 0.00403052
End step 23
Begin step 24
Stress 2.51977e-12 127.604 -1.37616e-12 127.604 -2.49826e-12 5.64278e-12 -1.37616e-12 5.64278e-12 6.45857e-15
Strain 0 0.0008 0 0.0008 0 0 0 0 0
Strain mean 4.29617e-20 0.0008 -6.88078e-18 0.0008 -9.07594e-33 2.82139e-17 -6.88078e-18 2.82139e-17 5.56714e-34
Plastic strain_mean -1.25236e-17 0.000161979 0 0.000161979 1.25236e-17 0 0 0 0
Plastic strain_rate_mean 0 0 0 0 0 0 0 0 0
Dissipation 0.00416139
End step 24
Begin step 25
Stress 2.01398e-12 127.674 8.39662e-13 127.674 -2.00578e-12 7.11043e-12 8.39662e-13 7.11043e-12 2.4629e-15
Strain 0 0.000833333 0 0.000833333 0 0 0 0 0
Strain mean 1.63829e-20 0.000833333 4.19831e-18 0.000833333 -7.08983e-33 3.55522e-17 4.19831e-18 3.55522e-17 -2.38033e-33
Plastic strain_mean -1.00412e-17 0.000194966 0 0.000194966 1.00412e-17 0 0 0 0
Plastic strain_rate_mean 0 0 0 0 0 0 0 0 0
Dissipation 0.00420933
End step 25
Begin step 26
Stress 1.91735e-12 127.717 2.5389e-12 127.717 -1.97697e-12 6.0772e-12 2.5389e-12 6.0772e-12 -1.79041e-14
Strain 0 0.000866667 0 0.000866667 0 0 0 0 0
Strain mean -1.19096e-19 0.000866667 1.26945e-17 0.000866667 1.32408e-33 3.0386e-17 1.26945e-17 3.0386e-17 -1.74537e-33
Plastic strain_mean -9.79534e-18 0.000228081 0 0.000228081 9.79534e-18 0 0 0 0
Plastic strain_rate_mean 0 0 0 0 0 0 0 0 0
Dissipation 0.00422683
End step 26
Begin step 27
Stress 2.02134e-12 127.752 2.11533e-12 127.752 -1.89052e-12 4.39326e-12 2.11533e-12 4.39326e-12 3.92798e-14
Strain 0 0.0009 0 0.0009 0 0 0 0 0
Strain mean 2.61285e-19 0.0009 1.05766e-17 0.0009 -6.52258e-34 2.19663e-17 1.05766e-17 2.19663e-17 -2.22686e-34
Plastic strain_mean -9.649e-18 0.000261242 0 0.000261242 9.649e-18 0 0 0 0
Plastic strain_rate_mean 0 0 0 0 0 0 0 0 0
Dissipation 0.00423358
End step 27
Begin step 28
Stress 2.43995e-12 127.783 2.51395e-12 127.783 -2.33835e-12 4.89619e-12 2.51395e-12 4.89619e-12 3.05068e-14
Strain 0 0.000933333 0 0.000933333 0 0 0 0 0
Strain mean 2.02928e-19 0.000933333 1.25698e-17 0.000933333 -3.85186e-33 2.44809e-17 1.25698e-17 2.44809e-17 -1.01713e-33
Plastic strain_mean -1.18443e-17 0.00029442 0 0.00029442 1.18443e-17 0 0 0 0
Plastic strain_rate_mean 0 0 0 0 0 0 0 0 0
Dissipation 0.00423657
End step 28
Begin step 29
Stress 2.39894e-12 127.812 2.38415e-12 127.812 -2.41773e-12 4.50544e-12 2.38415e-12 4.50544e-12 -5.64197e-15
Strain 0 0.000966667 0 0.000966667 0 0 0 0 0
Strain mean -3.75297e-20 0.000966667 1.19208e-17 0.000966667 7.10187e-34 2.25272e-17 1.19208e-17 2.25272e-17 7.46298e-34
Plastic strain_mean -1.20605e-17 0.000327606 0 0.000327606 1.20605e-17 0 0 0 0
Plastic strain_rate_mean 0 0 0 0 0 0 0 0 0
Dissipation 0.00423823
End step 29
Begin step 30
Stress 2.3554e-12 127.841 2.20181e-12 127.841 -2.32376e-12 4.07264e-12 2.20181e-12 4.07264e-12 9.50226e-15
Strain 0 0.001 0 0.001 0 0 0 0 0
Strain mean 6.32079e-20 0.001 1.1009e-17 0.001 -3.83681e-34 2.03632e-17 1.1009e-17 2.03632e-17 -6.68057e-34
Plastic strain_mean -1.16663e-17 0.000360795 0 0.000360795 1.16663e-17 0 0 0 0
Plastic strain_rate_mean 0 0 0 0 0 0 0 0 0
Dissipation 0.00423941
End step 30
