Begin step 0
Stress 0 0 0 0 0 0 0 0 0
Strain 0 0 0 0 0 0 0 0 0
Strain mean 0 0 0 0 0 0 0 0 0
Plastic strain_mean 0 0 0 0 0 0 0 0 0
Plastic strain_rate_mean 0 0 0 0 0 0 0 0 0
Dissipation 0
End step 0
Begin step 1
Stress -2.3871e-18 6.64106 1.34969e-12 6.64106 -8.14762e-16 -9.69962e-13 1.34969e-12 -9.69962e-13 -2.45362e-16
Strain 0 3.33333e-05 0 3.33333e-05 0 0 0 0 0
Strain mean -1.63212e-21 3.33333e-05 6.74846e-18 3.33333e-05 -1.38426e-33 -4.84981e-18 6.74846e-18 -4.84981e-18 -7.24105e-34
Plastic strain_mean -2.847e-21 1.28028e-07 0 1.28028e-07 2.847e-21 0 0 0 0
Plastic strain_rate_mean 0 0 0 0 0 0 0 0 0
Dissipation 8.50234e-07
End step 1
Begin step 2
Stress -2.20668e-15 13.2566 -2.59063e-13 13.2566 8.06893e-16 2.61179e-12 -2.59063e-13 2.61179e-12 -4.20309e-16
Strain 0 6.66667e-05 0 6.66667e-05 0 0 0 0 0
Strain mean -2.79585e-21 6.66667e-05 -1.29531e-18 6.66667e-05 1.10982e-32 1.30589e-17 -1.29531e-18 1.30589e-17 1.69271e-33
Plastic strain_mean 6.13601e-21 3.8359e-07 0 3.8359e-07 -6.13601e-21 0 0 0 0
Plastic strain_rate_mean 0 0 0 0 0 0 0 0 0
Dissipation 3.38785e-06
End step 2
Begin step 3
Stress 7.3594e-15 19.8468 -2.5189e-13 19.8468 7.48198e-15 2.60041e-12 -2.5189e-13 2.60041e-12 4.45637e-15
Strain 0 0.0001 0 0.0001 0 0 0 0 0
Strain mean 2.96432e-20 0.0001 -1.25945e-18 0.0001 8.90743e-33 1.3002e-17 -1.25945e-18 1.3002e-17 2.04254e-33
Plastic strain_mean 1.51281e-20 7.66195e-07 0 7.66195e-07 -1.51281e-20 0 0 0 0
Plastic strain_rate_mean 0 0 0 0 0 0 0 0 0
Dissipation 7.59337e-06
End step 3
Begin step 4
Stress 5.76343e-15 26.4116 -2.51612e-13 26.4116 9.31792e-15 2.58907e-12 -2.51612e-13 2.58907e-12 4.52842e-15
Strain 0 0.000133333 0 0.000133333 0 0 0 0 0
Strain mean 3.01225e-20 0.000133333 -1.25806e-18 0.000133333 1.32408e-33 1.29453e-17 -1.25806e-18 1.29453e-17 1.77622e-33
Plastic strain_mean 2.39475e-20 1.27535e-06 0 1.27535e-06 -2.39475e-20 0 0 0 0
Plastic strain_rate_mean 0 0 0 0 0 0 0 0 0
Dissipation 1.34475e-05
End step 4
Begin step 5
Stress -4.32746e-15 32.9512 -2.43887e-13 32.9512 7.44698e-15 2.57808e-12 -2.43887e-13 2.57808e-12 9.36689e-16
Strain 0 0.000166667 0 0.000166667 0 0 0 0 0
Strain mean 6.23075e-21 0.000166667 -1.21944e-18 0.000166667 -3.22593e-33 1.28904e-17 -1.21944e-18 1.28904e-17 2.04931e-33
Plastic strain_mean 3.25515e-20 1.91058e-06 0 1.91058e-06 -3.25515e-20 0 0 0 0
Plastic strain_rate_mean 0 0 0 0 0 0 0 0 0
Dissipation 2.0931e-05
End step 5
Begin step 6
Stress 1.405e-15 39.4657 -2.42435e-13 39.4657 1.23093e-14 2.56709e-12 -2.42435e-13 2.56709e-12 4.11794e-15
Strain 0 0.0002 0 0.0002 0 0 0 0 0
Strain mean 2.7392e-20 0.0002 -1.21218e-18 0.0002 3.9963e-33 1.28355e-17 -1.21218e-18 1.28355e-17 1.90186e-33
Plastic strain_mean 4.09567e-20 2.67138e-06 0 2.67138e-06 -4.09567e-20 0 0 0 0
Plastic strain_rate_mean 0 0 0 0 0 0 0 0 0
Dissipation 3.0025e-05
End step 6
Begin step 7
Stress 9.19112e-14 45.9551 2.57569e-12 45.9551 -8.94897e-14 3.95569e-12 2.57569e-12 3.95569e-12 7.2708e-16
Strain 0 0.000233333 0 0.000233333 0 0 0 0 0
Strain mean 4.83645e-21 0.000233333 1.28785e-17 0.000233333 3.06704e-32 1.97785e-17 1.28785e-17 1.97785e-17 -3.8338e-33
Plastic strain_mean -4.51084e-19 3.55788e-06 0 3.55788e-06 4.51084e-19 0 0 0 0
Plastic strain_rate_mean 0 0 0 0 0 0 0 0 0
Dissipation 4.07382e-05
End step 7
Begin step 8
Stress 5.2684e-14 52.4183 3.70273e-12 52.4183 -5.43928e-14 -2.86494e-12 3.70273e-12 -2.86494e-12 -5.13105e-16
Strain 0 0.000266667 0 0.000266667 0 0 0 0 0
Strain mean -3.41311e-21 0.000266667 1.85136e-17 0.000266667 2.40741e-32 -1.43247e-17 1.85136e-17 -1.43247e-17 4.43265e-33
Plastic strain_mean -2.69398e-19 4.57515e-06 0 4.57515e-06 2.69398e-19 0 0 0 0
Plastic strain_rate_mean 0 0 0 0 0 0 0 0 0
Dissipation 5.33214e-05
End step 8
Begin step 9
Stress -1.11983e-14 58.8505 4.28093e-12 58.8505 6.7771e-15 -2.85031e-12 4.28093e-12 -2.85031e-12 -1.32752e-15
Strain 0 0.0003 0 0.0003 0 0 0 0 0
Strain mean -8.83052e-21 0.0003 2.14046e-17 0.0003 1.43121e-32 -1.42516e-17 2.14046e-17 -1.42516e-17 6.95893e-33
Plastic strain_mean 4.05231e-20 5.74766e-06 0 5.74766e-06 -4.05231e-20 0 0 0 0
Plastic strain_rate_mean 0 0 0 0 0 0 0 0 0
Dissipation 6.90002e-05
End step 9
Begin step 10
Stress -9.08243e-14 65.244 1.67825e-12 65.244 8.45998e-14 7.68315e-13 1.67825e-12 7.68315e-13 -1.86901e-15
Strain 0 0.000333333 0 0.000333333 0 0 0 0 0
Strain mean -1.24324e-20 0.000333333 8.39125e-18 0.000333333 5.01223e-32 3.84158e-18 8.39125e-18 3.84158e-18 3.16199e-33
Plastic strain_mean 4.32344e-19 7.11311e-06 0 7.11311e-06 -4.32344e-19 0 0 0 0
Plastic strain_rate_mean 0 0 0 0 0 0 0 0 0
Dissipation 8.9084e-05
End step 10
Begin step 11
Stress -3.59764e-14 71.5888 6.38543e-13 71.5888 2.56324e-15 -2.45026e-12 6.38543e-13 -2.45026e-12 -1.00328e-14
Strain 0 0.000366667 0 0.000366667 0 0 0 0 0
Strain mean -6.67372e-20 0.000366667 3.19271e-18 0.000366667 -9.93058e-33 -1.22513e-17 3.19271e-18 -1.22513e-17 -2.02223e-33
Plastic strain_mean 6.29804e-20 8.72278e-06 0 8.72278e-06 -6.29804e-20 0 0 0 0
Plastic strain_rate_mean 0 0 0 0 0 0 0 0 0
Dissipation 0.000115228
End step 11
Begin step 12
Stress 8.61679e-14 77.8698 2.0969e-12 77.8698 -6.96468e-14 4.88749e-12 2.0969e-12 4.88749e-12 4.96074e-15
Strain 0 0.0004 0 0.0004 0 0 0 0 0
Strain mean 3.29983e-20 0.0004 1.04845e-17 0.0004 5.36564e-31 2.44374e-17 1.04845e-17 2.44374e-17 -2.45406e-33
Plastic strain_mean -3.73038e-19 1.06508e-05 0 1.06508e-05 3.73038e-19 0 0 0 0
Plastic strain_rate_mean 0 0 0 0 0 0 0 0 0
Dissipation 0.000150124
End step 12
Begin step 13
Stress 4.35175e-14 84.0659 -1.07091e-12 84.0659 -1.06824e-13 1.39905e-12 -1.07091e-12 1.39905e-12 -1.90089e-14
Strain 0 0.000433333 0 0.000433333 0 0 0 0 0
Strain mean -1.26445e-19 0.000433333 -5.35454e-18 0.000433333 -1.11319e-31 6.99524e-18 -5.35454e-18 6.99524e-18 2.57894e-33
Plastic strain_mean -4.39077e-19 1.3004e-05 0 1.3004e-05 4.39077e-19 0 0 0 0
Plastic strain_rate_mean 0 0 0 0 0 0 0 0 0
Dissipation 0.00019781
End step 13
Begin step 14
Stress 1.20452e-13 90.1452 2.61444e-12 90.1452 -7.39426e-14 -3.34651e-12 2.61444e-12 -3.34651e-12 1.39652e-14
Strain 0 0.000466667 0 0.000466667 0 0 0 0 0
Strain mean 9.28948e-20 0.000466667 1.30722e-17 0.000466667 2.52176e-32 -1.67325e-17 1.30722e-17 -1.67325e-17 -4.59252e-33
Plastic strain_mean -4.39539e-19 1.59406e-05 0 1.59406e-05 4.39539e-19 0 0 0 0
Plastic strain_rate_mean 0 0 0 0 0 0 0 0 0
Dissipation 0.000264704
End step 14
Begin step 15
Stress -1.8883e-13 96.0597 -3.57811e-12 96.0597 2.154e-13 2.52225e-12 -3.57811e-12 2.52225e-12 7.97823e-15
Strain 0 0.0005 0 0.0005 0 0 0 0 0
Strain mean 5.30703e-20 0.0005 -1.78905e-17 0.0005 -1.04361e-32 1.26112e-17 -1.78905e-17 1.26112e-17 -1.95e-33
Plastic strain_mean 1.03711e-18 1.97015e-05 0 1.97015e-05 -1.03711e-18 0 0 0 0
Plastic strain_rate_mean 0 0 0 0 0 0 0 0 0
Dissipation 0.000361239
End step 15
Begin step 16
Stress -4.58624e-14 101.735 -1.32515e-12 101.735 1.18186e-13 3.14588e-13 -1.32515e-12 3.14588e-13 2.17163e-14
Strain 0 0.000533333 0 0.000533333 0 0 0 0 0
Strain mean 1.44455e-19 0.000533333 -6.62577e-18 0.000533333 -4.03843e-33 1.57294e-18 -6.62577e-18 1.57294e-18 -1.0397e-33
Plastic strain_mean 4.82348e-19 2.46607e-05 0 2.46607e-05 -4.82348e-19 0 0 0 0
Plastic strain_rate_mean 0 0 0 0 0 0 0 0 0
Dissipation 0.000504464
End step 16
Begin step 17
Stress 5.52806e-13 107.053 2.17378e-12 107.053 -5.59888e-13 -8.03052e-13 2.17378e-12 -8.03052e-13 -2.12665e-15
Strain 0 0.000566667 0 0.000566667 0 0 0 0 0
Strain mean -1.41463e-20 0.000566667 1.08689e-17 0.000566667 5.6526e-32 -4.01526e-18 1.08689e-17 -4.01526e-18 1.25336e-33
Plastic strain_mean -2.78881e-18 3.14009e-05 0 3.14009e-05 2.78881e-18 0 0 0 0
Plastic strain_rate_mean 0 0 0 0 0 0 0 0 0
Dissipation 0.000721451
End step 17
Begin step 18
Stress 2.99755e-13 111.838 3.04362e-12 111.838 -3.52504e-13 -2.35872e-12 3.04362e-12 -2.35872e-12 -1.58386e-14
Strain 0 0.0006 0 0.0006 0 0 0 0 0
Strain mean -1.05356e-19 0.0006 1.52181e-17 0.0006 -1.58605e-31 -1.17936e-17 1.52181e-17 -1.17936e-17 9.93058e-35
Plastic strain_mean -1.68333e-18 4.08108e-05 0 4.08108e-05 1.68333e-18 0 0 0 0
Plastic strain_rate_mean 0 0 0 0 0 0 0 0 0
Dissipation 0.0010522
End step 18
Begin step 19
Stress 6.27391e-13 115.854 7.01923e-13 115.854 -5.82584e-13 8.69979e-13 7.01923e-13 8.69979e-13 1.34543e-14
Strain 0 0.000633333 0 0.000633333 0 0 0 0 0
Strain mean 8.94962e-20 0.000633333 3.50962e-18 0.000633333 -4.91112e-33 4.3499e-18 3.50962e-18 4.3499e-18 -3.34028e-34
Plastic strain_mean -2.98019e-18 5.40647e-05 0 5.40647e-05 2.98019e-18 0 0 0 0
Plastic strain_rate_mean 0 0 0 0 0 0 0 0 0
Dissipation 0.00153518
End step 19
Begin step 20
Stress -2.57425e-13 118.89 -8.6303e-14 118.89 2.81509e-13 -5.07411e-13 -8.6303e-14 -5.07411e-13 7.2315e-15
Strain 0 0.000666667 0 0.000666667 0 0 0 0 0
Strain mean 4.81031e-20 0.000666667 -4.31515e-19 0.000666667 1.53834e-32 -2.53705e-18 -4.31515e-19 -2.53705e-18 -2.81065e-33
Plastic strain_mean 1.37139e-18 7.22181e-05 0 7.22181e-05 -1.37139e-18 0 0 0 0
Plastic strain_rate_mean 0 0 0 0 0 0 0 0 0
Dissipation 0.00215763
End step 20
Begin step 21
Stress -1.04442e-12 120.911 -5.46069e-13 120.911 1.03523e-12 2.39338e-12 -5.46069e-13 2.39338e-12 -2.75985e-15
Strain 0 0.0007 0 0.0007 0 0 0 0 0
Strain mean -1.83582e-20 0.0007 -2.73035e-18 0.0007 -5.20001e-33 1.19669e-17 -2.73035e-18 1.19669e-17 -3.31019e-35
Plastic strain_mean 5.18996e-18 9.54463e-05 0 9.54463e-05 -5.18996e-18 0 0 0 0
Plastic strain_rate_mean 0 0 0 0 0 0 0 0 0
Dissipation 0.00280754
End step 21
Begin step 22
Stress 6.43814e-13 122.108 -1.11448e-12 122.108 -6.71825e-13 -1.15127e-12 -1.11448e-12 -1.15127e-12 -8.41055e-15
Strain 0 0.000733333 0 0.000733333 0 0 0 0 0
Strain mean -5.5946e-20 0.000733333 -5.5724e-18 0.000733333 7.70372e-34 -5.75637e-18 -5.5724e-18 -5.75637e-18 -3.17478e-33
Plastic strain_mean -3.31707e-18 0.000122795 0 0.000122795 3.31707e-18 0 0 0 0
Plastic strain_rate_mean 0 0 0 0 0 0 0 0 0
Dissipation 0.00333799
End step 22
Begin step 23
Stress 1.70273e-12 122.763 4.4296e-13 122.763 -1.73903e-12 -1.13583e-12 4.4296e-13 -1.13583e-12 -1.08997e-14
Strain 0 0.000766667 0 0.000766667 0 0 0 0 0
Strain mean -7.25032e-20 0.000766667 2.2148e-18 0.000766667 1.63704e-33 -5.67914e-18 2.2148e-18 -5.67914e-18 1.21875e-34
Plastic strain_mean -8.64063e-18 0.000152851 0 0.000152851 8.64063e-18 0 0 0 0
Plastic strain_rate_mean 0 0 0 0 0 0 0 0 0
Dissipation 0.00368788
End step 23
Begin step 24
Stress -4.14429e-14 123.111 -5.83628e-13 123.111 5.14486e-14 -1.99829e-12 -5.83628e-13 -1.99829e-12 3.00439e-15
Strain 0 0.0008 0 0.0008 0 0 0 0 0
Strain mean 1.99849e-20 0.0008 -2.91814e-18 0.0008 2.47963e-33 -9.99143e-18 -2.91814e-18 -9.99143e-18 3.00024e-33
Plastic strain_mean 2.42221e-19 0.000184447 0 0.000184447 -2.42221e-19 0 0 0 0
Plastic strain_rate_mean 0 0 0 0 0 0 0 0 0
Dissipation 0.00388738
End step 24
Begin step 25
Stress -7.14529e-13 123.297 -1.44371e-14 123.297 6.90838e-13 -1.8534e-13 -1.44371e-14 -1.8534e-13 -7.11359e-15
Strain 0 0.000833333 0 0.000833333 0 0 0 0 0
Strain mean -4.73188e-20 0.000833333 -7.21854e-20 0.000833333 1.92593e-34 -9.267e-19 -7.21854e-20 -9.267e-19 -4.01737e-34
Plastic strain_mean 3.48976e-18 0.000216846 0 0.000216846 -3.48976e-18 0 0 0 0
Plastic strain_rate_mean 0 0 0 0 0 0 0 0 0
Dissipation 0.00399202
End step 25
Begin step 26
Stress -3.91553e-12 123.404 9.71788e-13 123.404 4.00466e-12 4.23332e-12 9.71788e-13 4.23332e-12 2.676e-14
Strain 0 0.000866667 0 0.000866667 0 0 0 0 0
Strain mean 1.78005e-19 0.000866667 4.85894e-18 0.000866667 1.25486e-33 2.11666e-17 4.85894e-18 2.11666e-17 -5.09168e-33
Plastic strain_mean 1.98895e-17 0.000249648 0 0.000249648 -1.98895e-17 0 0 0 0
Plastic strain_rate_mean 0 0 0 0 0 0 0 0 0
Dissipation 0.00404472
End step 26
Begin step 27
Stress -1.49946e-12 123.471 5.93286e-13 123.471 1.47706e-12 5.17136e-13 5.93286e-13 5.17136e-13 -6.72495e-15
Strain 0 0.0009 0 0.0009 0 0 0 0 0
Strain mean -4.47336e-20 0.0009 2.96643e-18 0.0009 1.15706e-33 2.58568e-18 2.96643e-18 2.58568e-18 -1.44445e-34
Plastic strain_mean 7.41895e-18 0.000282646 0 0.000282646 -7.41895e-18 0 0 0 0
Plastic strain_rate_mean 0 0 0 0 0 0 0 0 0
Dissipation 0.00407091
End step 27
Begin step 28
Stress -6.92364e-13 123.518 -1.78276e-12 123.518 6.94603e-13 9.74359e-13 -1.78276e-12 9.74359e-13 6.72495e-16
Strain 0 0.000933333 0 0.000933333 0 0 0 0 0
Strain mean 4.47336e-21 0.000933333 -8.91379e-18 0.000933333 3.96019e-33 4.87179e-18 -8.91379e-18 4.87179e-18 3.71343e-33
Plastic strain_mean 3.46965e-18 0.000315741 0 0.000315741 -3.46965e-18 0 0 0 0
Plastic strain_rate_mean 0 0 0 0 0 0 0 0 0
Dissipation 0.00408403
End step 28
Begin step 29
Stress -8.02295e-13 123.557 -4.92264e-12 123.557 8.87285e-13 -4.9644e-13 -4.92264e-12 -4.9644e-13 2.55199e-14
Strain 0 0.000966667 0 0.000966667 0 0 0 0 0
Strain mean 1.69755e-19 0.000966667 -2.46132e-17 0.000966667 2.5663e-32 -2.4822e-18 -2.46132e-17 -2.4822e-18 3.88571e-33
Plastic strain_mean 4.30883e-18 0.000348882 0 0.000348882 -4.30883e-18 0 0 0 0
Plastic strain_rate_mean 0 0 0 0 0 0 0 0 0
Dissipation 0.00409082
End step 29
Begin step 30
Stress -5.61359e-13 123.591 -5.24941e-12 123.591 5.87071e-13 -5.44755e-13 -5.24941e-12 -5.44755e-13 7.72059e-15
Strain 0 0.001 0 0.001 0 0 0 0 0
Strain mean 5.13565e-20 0.001 -2.62471e-17 0.001 -1.20852e-32 -2.72377e-18 -2.62471e-17 -2.72377e-18 8.83972e-34
Plastic strain_mean 2.89675e-18 0.000382047 0 0.000382047 -2.89675e-18 0 0 0 0
Plastic strain_rate_mean 0 0 0 0 0 0 0 0 0
Dissipation 0.00409454
End step 30
