Begin step 0
Stress 0 0 0 0 0 0 0 0 0
Strain 0 0 0 0 0 0 0 0 0
Strain mean 0 0 0 0 0 0 0 0 0
Plastic strain_mean 0 0 0 0 0 0 0 0 0
Plastic strain_rate_mean 0 0 0 0 0 0 0 0 0
Dissipation 0
End step 0
Begin step 1
Stress -4.74684e-14 6.56126 3.42899e-12 6.56126 4.81301e-14 -7.88079e-12 3.42899e-12 -7.88079e-12 1.98692e-16
Strain 0 3.33333e-05 0 3.33333e-05 0 0 0 0 0
Strain mean 1.32167e-21 3.33333e-05 1.7145e-17 3.33333e-05 -5.29631e-34 -3.9404e-17 1.7145e-17 -3.9404e-17 -7.07554e-34
Plastic strain_mean 2.39657e-19 5.27027e-07 0 5.27027e-07 -2.39657e-19 0 0 0 0
Plastic strain_rate_mean 0 0 0 0 0 0 0 0 0
Dissipation 3.45787e-06
End step 1
Begin step 2
Stress -1.14783e-14 13.0188 3.88096e-13 13.0188 8.31147e-15 -2.62443e-12 3.88096e-13 -2.62443e-12 -9.50881e-16
Strain 0 6.66667e-05 0 6.66667e-05 0 0 0 0 0
Strain mean -6.32515e-21 6.66667e-05 1.94048e-18 6.66667e-05 2.50371e-33 -1.31221e-17 1.94048e-18 -1.31221e-17 -3.58667e-34
Plastic strain_mean 4.63117e-20 1.57273e-06 0 1.57273e-06 -4.63117e-20 0 0 0 0
Plastic strain_rate_mean 0 0 0 0 0 0 0 0 0
Dissipation 1.36132e-05
End step 2
Begin step 3
Stress -2.18633e-13 19.3742 2.81922e-12 19.3742 2.14016e-13 -6.36428e-12 2.81922e-12 -6.36428e-12 -1.38647e-15
Strain 0 0.0001 0 0.0001 0 0 0 0 0
Strain mean -9.22267e-21 0.0001 1.40961e-17 0.0001 -1.05926e-32 -3.18214e-17 1.40961e-17 -3.18214e-17 -5.4731e-33
Plastic strain_mean 1.07701e-18 3.12887e-06 0 3.12887e-06 -1.07701e-18 0 0 0 0
Plastic strain_rate_mean 0 0 0 0 0 0 0 0 0
Dissipation 3.01474e-05
End step 3
Begin step 4
Stress -4.04899e-13 25.6292 2.77211e-12 25.6292 4.10564e-13 -6.264e-12 2.77211e-12 -6.264e-12 1.70089e-15
Strain 0 0.000133333 0 0.000133333 0 0 0 0 0
Strain mean 1.13141e-20 0.000133333 1.38606e-17 0.000133333 1.50223e-32 -3.132e-17 1.38606e-17 -3.132e-17 -6.16298e-33
Plastic strain_mean 2.04431e-18 5.18737e-06 0 5.18737e-06 -2.04431e-18 0 0 0 0
Plastic strain_rate_mean 0 0 0 0 0 0 0 0 0
Dissipation 5.27538e-05
End step 4
Begin step 5
Stress -5.91256e-13 31.7853 2.72678e-12 31.7853 5.89656e-13 -6.16646e-12 2.72678e-12 -6.16646e-12 -4.80353e-16
Strain 0 0.000166667 0 0.000166667 0 0 0 0 0
Strain mean -3.19525e-21 0.000166667 1.36339e-17 0.000166667 -2.24371e-32 -3.08323e-17 1.36339e-17 -3.08323e-17 -5.74619e-33
Plastic strain_mean 2.95068e-18 7.74024e-06 0 7.74024e-06 -2.95068e-18 0 0 0 0
Plastic strain_rate_mean 0 0 0 0 0 0 0 0 0
Dissipation 8.11368e-05
End step 5
Begin step 6
Stress -7.53521e-13 37.8441 2.67085e-12 37.8441 7.62716e-13 -6.07012e-12 2.67085e-12 -6.07012e-12 2.76094e-15
Strain 0 0.0002 0 0.0002 0 0 0 0 0
Strain mean 1.83655e-20 0.0002 1.33542e-17 0.0002 -8.76298e-33 -3.03506e-17 1.33542e-17 -3.03506e-17 -4.99839e-33
Plastic strain_mean 3.79977e-18 1.07796e-05 0 1.07796e-05 -3.79977e-18 0 0 0 0
Plastic strain_rate_mean 0 0 0 0 0 0 0 0 0
Dissipation 0.000115012
End step 6
Begin step 7
Stress -6.61681e-13 43.8069 2.57663e-12 43.8069 6.65528e-13 -4.26889e-12 2.57663e-12 -4.26889e-12 1.15503e-15
Strain 0 0.000233333 0 0.000233333 0 0 0 0 0
Strain mean 7.68313e-21 0.000233333 1.28831e-17 0.000233333 4.06853e-33 -2.13444e-17 1.28831e-17 -2.13444e-17 -1.57347e-33
Plastic strain_mean 3.32186e-18 1.42988e-05 0 1.42988e-05 -3.32186e-18 0 0 0 0
Plastic strain_rate_mean 0 0 0 0 0 0 0 0 0
Dissipation 0.000154143
End step 7
Begin step 8
Stress -5.32586e-13 49.6732 9.36705e-13 49.6732 5.08808e-13 -2.3385e-12 9.36705e-13 -2.3385e-12 -7.1398e-15
Strain 0 0.000266667 0 0.000266667 0 0 0 0 0
Strain mean -4.74931e-20 0.000266667 4.68352e-18 0.000266667 -6.93142e-31 -1.16925e-17 4.68352e-18 -1.16925e-17 -1.5588e-33
Plastic strain_mean 2.57974e-18 1.83005e-05 0 1.83005e-05 -2.57974e-18 0 0 0 0
Plastic strain_rate_mean 0 0 0 0 0 0 0 0 0
Dissipation 0.000198755
End step 8
Begin step 9
Stress -5.11757e-13 55.4327 2.09842e-12 55.4327 5.06623e-13 -5.13064e-12 2.09842e-12 -5.13064e-12 -1.5415e-15
Strain 0 0.0003 0 0.0003 0 0 0 0 0
Strain mean -1.02539e-20 0.0003 1.04921e-17 0.0003 -1.09971e-31 -2.56532e-17 1.04921e-17 -2.56532e-17 -2.72639e-33
Plastic strain_mean 2.54082e-18 2.28367e-05 0 2.28367e-05 -2.54082e-18 0 0 0 0
Plastic strain_rate_mean 0 0 0 0 0 0 0 0 0
Dissipation 0.00025141
End step 9
Begin step 10
Stress -6.74404e-13 61.0614 -2.29548e-12 61.0614 6.9302e-13 -1.86054e-12 -2.29548e-12 -1.86054e-12 5.58956e-15
Strain 0 0.000333333 0 0.000333333 0 0 0 0 0
Strain mean 3.71811e-20 0.000333333 -1.14774e-17 0.000333333 1.09682e-31 -9.3027e-18 -1.14774e-17 -9.3027e-18 -3.45915e-33
Plastic strain_mean 3.43715e-18 2.80264e-05 0 2.80264e-05 -3.43715e-18 0 0 0 0
Plastic strain_rate_mean 0 0 0 0 0 0 0 0 0
Dissipation 0.000316833
End step 10
Begin step 11
Stress -8.67493e-13 66.5285 1.05998e-12 66.5285 8.41694e-13 2.2714e-12 1.05998e-12 2.2714e-12 -7.74679e-15
Strain 0 0.000366667 0 0.000366667 0 0 0 0 0
Strain mean -5.15307e-20 0.000366667 5.29991e-18 0.000366667 4.18697e-31 1.1357e-17 5.29991e-18 1.1357e-17 3.06945e-34
Plastic strain_mean 4.2472e-18 3.40242e-05 0 3.40242e-05 -4.2472e-18 0 0 0 0
Plastic strain_rate_mean 0 0 0 0 0 0 0 0 0
Dissipation 0.00039894
End step 11
Begin step 12
Stress -6.2977e-13 71.7916 -9.25768e-13 71.7916 6.68957e-13 2.17475e-12 -9.25768e-13 2.17475e-12 1.17665e-14
Strain 0 0.0004 0 0.0004 0 0 0 0 0
Strain mean 7.82692e-20 0.0004 -4.62884e-18 0.0004 5.89816e-33 1.08737e-17 -4.62884e-18 1.08737e-17 5.29029e-33
Plastic strain_mean 3.28595e-18 4.10418e-05 0 4.10418e-05 -3.28595e-18 0 0 0 0
Plastic strain_rate_mean 0 0 0 0 0 0 0 0 0
Dissipation 0.000503687
End step 12
Begin step 13
Stress -6.47922e-13 76.7929 -9.26486e-13 76.7929 6.16276e-13 2.21636e-13 -9.26486e-13 2.21636e-13 -9.50226e-15
Strain 0 0.000433333 0 0.000433333 0 0 0 0 0
Strain mean -6.32079e-20 0.000433333 -4.63243e-18 0.000433333 1.97889e-32 1.10818e-18 -4.63243e-18 1.10818e-18 -1.34514e-33
Plastic strain_mean 3.12889e-18 4.93687e-05 0 4.93687e-05 -3.12889e-18 0 0 0 0
Plastic strain_rate_mean 0 0 0 0 0 0 0 0 0
Dissipation 0.00063927
End step 13
Begin step 14
Stress -2.76975e-13 81.456 -3.05008e-12 81.456 3.05786e-13 -4.85905e-12 -3.05008e-12 -4.85905e-12 8.65072e-15
Strain 0 0.000466667 0 0.000466667 0 0 0 0 0
Strain mean 5.75436e-20 0.000466667 -1.52504e-17 0.000466667 -7.17409e-33 -2.42952e-17 -1.52504e-17 -2.42952e-17 -3.99029e-33
Plastic strain_mean 1.48567e-18 5.93866e-05 0 5.93866e-05 -1.48567e-18 0 0 0 0
Plastic strain_rate_mean 0 0 0 0 0 0 0 0 0
Dissipation 0.000815752
End step 14
Begin step 15
Stress 1.24043e-12 85.6848 6.83003e-13 85.6848 -1.18564e-12 6.77456e-12 6.83003e-13 6.77456e-12 1.64499e-14
Strain 0 0.0005 0 0.0005 0 0 0 0 0
Strain mean 1.09423e-19 0.0005 3.41502e-18 0.0005 2.49408e-32 3.38728e-17 3.41502e-18 3.38728e-17 6.33751e-33
Plastic strain_mean -6.01046e-18 7.15762e-05 0 7.15762e-05 6.01046e-18 0 0 0 0
Plastic strain_rate_mean 0 0 0 0 0 0 0 0 0
Dissipation 0.00104406
End step 15
Begin step 16
Stress 1.57112e-12 89.3702 9.3651e-13 89.3702 -1.51591e-12 -1.36789e-12 9.3651e-13 -1.36789e-12 1.65766e-14
Strain 0 0.000533333 0 0.000533333 0 0 0 0 0
Strain mean 1.10265e-19 0.000533333 4.68255e-18 0.000533333 1.70926e-33 -6.83946e-18 4.68255e-18 -6.83946e-18 3.55018e-33
Plastic strain_mean -7.66243e-18 8.64825e-05 0 8.64825e-05 7.66243e-18 0 0 0 0
Plastic strain_rate_mean 0 0 0 0 0 0 0 0 0
Dissipation 0.00133157
End step 16
Begin step 17
Stress -3.21805e-13 92.4136 9.10915e-13 92.4136 2.91628e-13 -2.7301e-12 9.10915e-13 -2.7301e-12 -9.06121e-15
Strain 0 0.000566667 0 0.000566667 0 0 0 0 0
Strain mean -6.02741e-20 0.000566667 4.55458e-18 0.000566667 6.64446e-33 -1.36505e-17 4.55458e-18 -1.36505e-17 -1.63403e-33
Plastic strain_mean 1.50345e-18 0.000104598 0 0.000104598 -1.50345e-18 0 0 0 0
Plastic strain_rate_mean 0 0 0 0 0 0 0 0 0
Dissipation 0.00167325
End step 17
Begin step 18
Stress 1.79994e-13 94.7661 4.25931e-13 94.7661 -2.05387e-13 -1.56508e-12 4.25931e-13 -1.56508e-12 -7.62452e-15
Strain 0 0.0006 0 0.0006 0 0 0 0 0
Strain mean -5.07174e-20 0.0006 2.12966e-18 0.0006 -3.35232e-33 -7.82539e-18 2.12966e-18 -7.82539e-18 -4.06251e-33
Plastic strain_mean -9.8881e-19 0.00012617 0 0.00012617 9.8881e-19 0 0 0 0
Plastic strain_rate_mean 0 0 0 0 0 0 0 0 0
Dissipation 0.0020429
End step 18
Begin step 19
Stress 3.21059e-13 96.46 -1.08758e-12 96.46 -2.88657e-13 8.25763e-13 -1.08758e-12 8.25763e-13 9.72934e-15
Strain 0 0.000633333 0 0.000633333 0 0 0 0 0
Strain mean 6.47184e-20 0.000633333 -5.43792e-18 0.000633333 4.23705e-32 4.12882e-18 -5.43792e-18 4.12882e-18 4.46876e-34
Plastic strain_mean -1.49193e-18 0.000151033 0 0.000151033 1.49193e-18 0 0 0 0
Plastic strain_rate_mean 0 0 0 0 0 0 0 0 0
Dissipation 0.00239659
End step 19
Begin step 20
Stress 1.52837e-13 97.6026 3.78291e-13 97.6026 -1.73052e-13 -1.30404e-13 3.78291e-13 -1.30404e-13 -6.06992e-15
Strain 0 0.000666667 0 0.000666667 0 0 0 0 0
Strain mean -4.03764e-20 0.000666667 1.89146e-18 0.000666667 6.09677e-33 -6.52022e-19 1.89146e-18 -6.52022e-19 1.01713e-33
Plastic strain_mean -8.34911e-19 0.000178654 0 0.000178654 8.34911e-19 0 0 0 0
Plastic strain_rate_mean 0 0 0 0 0 0 0 0 0
Dissipation 0.00269352
End step 20
Begin step 21
Stress -1.79918e-12 98.3353 1.57787e-12 98.3353 1.81599e-12 -7.79296e-13 1.57787e-12 -7.79296e-13 5.04808e-15
Strain 0 0.0007 0 0.0007 0 0 0 0 0
Strain mean 3.35792e-20 0.0007 7.88934e-18 0.0007 3.25482e-32 -3.89648e-18 7.88934e-18 -3.89648e-18 -2.68389e-33
Plastic strain_mean 9.05472e-18 0.000208324 0 0.000208324 -9.05472e-18 0 0 0 0
Plastic strain_rate_mean 0 0 0 0 0 0 0 0 0
Dissipation 0.00291476
End step 21
Begin step 22
Stress -1.26097e-12 98.791 2.34079e-12 98.791 1.33721e-12 -1.03427e-12 2.34079e-12 -1.03427e-12 2.2891e-14
Strain 0 0.000733333 0 0.000733333 0 0 0 0 0
Strain mean 1.52268e-19 0.000733333 1.17039e-17 0.000733333 1.3647e-33 -5.17135e-18 1.17039e-17 -5.17135e-18 6.74075e-34
Plastic strain_mean 6.57159e-18 0.000239378 0 0.000239378 -6.57159e-18 0 0 0 0
Plastic strain_rate_mean 0 0 0 0 0 0 0 0 0
Dissipation 0.00306459
End step 22
Begin step 23
Stress -9.28978e-13 99.0717 2.06485e-12 99.0717 9.24935e-13 -7.40044e-13 2.06485e-12 -7.40044e-13 -1.21398e-15
Strain 0 0.000766667 0 0.000766667 0 0 0 0 0
Strain mean -8.07528e-21 0.000766667 1.03243e-17 0.000766667 1.70926e-33 -3.70022e-18 1.03243e-17 -3.70022e-18 4.54399e-34
Plastic strain_mean 4.63074e-18 0.000271308 0 0.000271308 -4.63074e-18 0 0 0 0
Plastic strain_rate_mean 0 0 0 0 0 0 0 0 0
Dissipation 0.00315957
End step 23
Begin step 24
Stress 2.06421e-12 99.2464 9.88112e-13 99.2464 -2.15562e-12 -5.78083e-13 9.88112e-13 -5.78083e-13 -2.74456e-14
Strain 0 0.0008 0 0.0008 0 0 0 0 0
Strain mean -1.82565e-19 0.0008 4.94056e-18 0.0008 8.78706e-34 -2.89042e-18 4.94056e-18 -2.89042e-18 1.461e-33
Plastic strain_mean -1.06409e-17 0.000303768 0 0.000303768 1.06409e-17 0 0 0 0
Plastic strain_rate_mean 0 0 0 0 0 0 0 0 0
Dissipation 0.00321733
End step 24
Begin step 25
Stress -8.61579e-13 99.3585 3.80555e-13 99.3585 8.3482e-13 -7.73219e-13 3.80555e-13 -7.73219e-13 -8.035e-15
Strain 0 0.000833333 0 0.000833333 0 0 0 0 0
Strain mean -5.34479e-20 0.000833333 1.90278e-18 0.000833333 4.63427e-34 -3.86609e-18 1.90278e-18 -3.86609e-18 -7.83349e-34
Plastic strain_mean 4.21427e-18 0.000336541 0 0.000336541 -4.21427e-18 0 0 0 0
Plastic strain_rate_mean 0 0 0 0 0 0 0 0 0
Dissipation 0.00325164
End step 25
Begin step 26
Stress 1.42648e-12 99.4343 1.45723e-12 99.4343 -1.32302e-12 -1.90105e-13 1.45723e-12 -1.90105e-13 3.10658e-14
Strain 0 0.000866667 0 0.000866667 0 0 0 0 0
Strain mean 2.06646e-19 0.000866667 7.28615e-18 0.000866667 -6.74075e-34 -9.50523e-19 7.28615e-18 -9.50523e-19 4.57408e-34
Plastic strain_mean -6.77044e-18 0.000369495 0 0.000369495 6.77044e-18 0 0 0 0
Plastic strain_rate_mean 0 0 0 0 0 0 0 0 0
Dissipation 0.00327185
End step 26
Begin step 27
Stress -2.56027e-14 99.489 2.08941e-12 99.489 5.92413e-14 -3.82261e-13 2.08941e-12 -3.82261e-13 1.01005e-14
Strain 0 0.0009 0 0.0009 0 0 0 0 0
Strain mean 6.71875e-20 0.0009 1.04471e-17 0.0009 2.05593e-32 -1.9113e-18 1.04471e-17 -1.9113e-18 -1.52871e-33
Plastic strain_mean 2.45704e-19 0.000402555 0 0.000402555 -2.45704e-19 0 0 0 0
Plastic strain_rate_mean 0 0 0 0 0 0 0 0 0
Dissipation 0.00328377
End step 27
Begin step 28
Stress -3.88698e-13 99.5315 5.74863e-13 99.5315 4.01962e-13 1.87639e-13 5.74863e-13 1.87639e-13 3.98256e-15
Strain 0 0.000933333 0 0.000933333 0 0 0 0 0
Strain mean 2.64916e-20 0.000933333 2.87431e-18 0.000933333 -4.29272e-33 9.38195e-19 2.87431e-18 9.38195e-19 -1.79954e-33
Plastic strain_mean 1.9899e-18 0.000435676 0 0.000435676 -1.9899e-18 0 0 0 0
Plastic strain_rate_mean 0 0 0 0 0 0 0 0 0
Dissipation 0.0032909
End step 28
Begin step 29
Stress 4.04216e-13 99.567 -9.15044e-13 99.567 -4.43279e-13 -1.40848e-12 -9.15044e-13 -1.40848e-12 -1.17294e-14
Strain 0 0.000966667 0 0.000966667 0 0 0 0 0
Strain mean -7.80223e-20 0.000966667 -4.57522e-18 0.000966667 -7.12594e-33 -7.04242e-18 -4.57522e-18 -7.04242e-18 -4.95024e-34
Plastic strain_mean -2.15775e-18 0.000468831 0 0.000468831 2.15775e-18 0 0 0 0
Plastic strain_rate_mean 0 0 0 0 0 0 0 0 0
Dissipation 0.00329527
End step 29
Begin step 30
Stress -3.78438e-13 99.5984 -1.09434e-14 99.5984 3.46676e-13 1.29876e-12 -1.09434e-14 1.29876e-12 -9.5372e-15
Strain 0 0.001 0 0.001 0 0 0 0 0
Strain mean -6.34403e-20 0.001 -5.4717e-20 0.001 -1.17482e-32 6.49379e-18 -5.4717e-20 6.49379e-18 2.90394e-34
Plastic strain_mean 1.78106e-18 0.000502008 0 0.000502008 -1.78106e-18 0 0 0 0
Plastic strain_rate_mean 0 0 0 0 0 0 0 0 0
Dissipation 0.00329806
End step 30
