Begin step 0
Stress 0 0 0 0 0 0 0 0 0
Strain 0 0 0 0 0 0 0 0 0
Strain mean 0 0 0 0 0 0 0 0 0
Plastic strain_mean 0 0 0 0 0 0 0 0 0
Plastic strain_rate_mean 0 0 0 0 0 0 0 0 0
Dissipation 0
End step 0
Begin step 1
Stress 1.74636e-15 6.66667 -6.5432e-16 6.66667 7.49626e-16 2.34696e-17 -6.5432e-16 2.34696e-17 7.4946e-16
Strain 0 3.33333e-05 0 3.33333e-05 0 0 0 0 0
Strain mean 4.98532e-21 3.33333e-05 -3.2716e-21 3.33333e-05 8.93376e-37 1.17348e-22 -3.2716e-21 1.17348e-22 -9.65375e-37
Plastic strain_mean 8.30693e-25 4.33703e-15 0 4.33703e-15 -8.30693e-25 0 0 0 0
Plastic strain_rate_mean 0 0 0 0 0 0 0 0 0
Dissipation 2.89136e-14
End step 1
Begin step 2
Stress 9.88863e-16 13.3333 6.08579e-15 13.3333 4.30922e-16 -9.83069e-17 6.08579e-15 -9.83069e-17 4.26313e-16
Strain 0 6.66667e-05 0 6.66667e-05 0 0 0 0 0
Strain mean 2.83579e-21 6.66667e-05 3.04289e-20 6.66667e-05 8.99841e-36 -4.91535e-22 3.04289e-20 -4.91535e-22 -1.08145e-36
Plastic strain_mean 2.30433e-23 3.34425e-13 0 3.34425e-13 -2.30433e-23 0 0 0 0
Plastic strain_rate_mean 0 0 0 0 0 0 0 0 0
Dissipation 4.40118e-12
End step 2
Begin step 3
Stress -2.61433e-16 20 -3.71502e-15 20 6.92619e-18 -1.56436e-14 -3.71502e-15 -1.56436e-14 -7.64198e-17
Strain 0 0.0001 0 0.0001 0 0 0 0 0
Strain mean -5.08336e-22 0.0001 -1.85751e-20 0.0001 -4.16125e-36 -7.82182e-20 -1.85751e-20 -7.82182e-20 1.49288e-35
Plastic strain_mean 4.1673e-22 4.49545e-12 0 4.49545e-12 -4.1673e-22 0 0 0 0
Plastic strain_rate_mean 0 0 0 0 0 0 0 0 0
Dissipation 8.32205e-11
End step 3
Begin step 4
Stress 1.03493e-14 26.6667 1.05264e-14 26.6667 4.84117e-15 -5.25383e-15 1.05264e-14 -5.25383e-15 4.56117e-15
Strain 0 0.000133333 0 0.000133333 0 0 0 0 0
Strain mean 3.03404e-20 0.000133333 5.26318e-20 0.000133333 1.05794e-36 -2.62692e-20 5.26318e-20 -2.62692e-20 1.06088e-36
Plastic strain_mean 1.39999e-21 2.96182e-11 0 2.96182e-11 -1.39999e-21 0 0 0 0
Plastic strain_rate_mean 0 0 0 0 0 0 0 0 0
Dissipation 6.6994e-10
End step 4
Begin step 5
Stress 3.99781e-15 33.3333 -8.94126e-13 33.3333 3.17201e-15 4.23039e-13 -8.94126e-13 4.23039e-13 2.15286e-15
Strain 0 0.000166667 0 0.000166667 0 0 0 0 0
Strain mean 1.43206e-20 0.000166667 -4.47063e-18 0.000166667 -1.625e-34 2.11519e-18 -4.47063e-18 2.11519e-18 -2.63311e-34
Plastic strain_mean 5.09576e-21 1.30952e-10 0 1.30952e-10 -5.09576e-21 0 0 0 0
Plastic strain_rate_mean 0 0 0 0 0 0 0 0 0
Dissipation 3.37778e-09
End step 5
Begin step 6
Stress 1.90587e-14 39.9999 -1.72601e-12 39.9999 1.07258e-14 1.28506e-13 -1.72601e-12 1.28506e-13 8.9433e-15
Strain 0 0.0002 0 0.0002 0 0 0 0 0
Strain mean 5.94898e-20 0.0002 -8.63007e-18 0.0002 -2.94908e-34 6.42529e-19 -8.63007e-18 6.42529e-19 -1.3805e-34
Plastic strain_mean 8.91264e-21 4.4764e-10 0 4.4764e-10 -8.91264e-21 0 0 0 0
Plastic strain_rate_mean 0 0 0 0 0 0 0 0 0
Dissipation 1.26675e-08
End step 6
Begin step 7
Stress 1.47753e-14 46.6664 1.18896e-12 46.6664 3.08377e-15 1.55728e-12 1.18896e-12 1.55728e-12 5.36249e-15
Strain 0 0.000233333 0 0.000233333 0 0 0 0 0
Strain mean 3.56707e-20 0.000233333 5.94481e-18 0.000233333 -6.16899e-34 7.78639e-18 5.94481e-18 7.78639e-18 -3.46442e-34
Plastic strain_mean -1.13936e-20 1.27757e-09 0 1.27757e-09 1.13936e-20 0 0 0 0
Plastic strain_rate_mean 0 0 0 0 0 0 0 0 0
Dissipation 3.87298e-08
End step 7
Begin step 8
Stress -4.08039e-15 53.3327 1.07191e-12 53.3327 1.1941e-14 5.40879e-13 1.07191e-12 5.40879e-13 2.36028e-15
Strain 0 0.000266667 0 0.000266667 0 0 0 0 0
Strain mean 1.57003e-20 0.000266667 5.35957e-18 0.000266667 -3.73149e-34 2.70439e-18 5.35957e-18 2.70439e-18 1.0081e-33
Plastic strain_mean 4.79037e-20 3.1895e-09 0 3.1895e-09 -4.79037e-20 0 0 0 0
Plastic strain_rate_mean 0 0 0 0 0 0 0 0 0
Dissipation 1.01969e-07
End step 8
Begin step 9
Stress -4.62589e-14 59.9986 -3.19593e-13 59.9986 1.71433e-14 3.67621e-13 -3.19593e-13 3.67621e-13 -8.74243e-15
Strain 0 0.0003 0 0.0003 0 0 0 0 0
Strain mean -5.81536e-20 0.0003 -1.59797e-18 0.0003 4.81482e-35 1.8381e-18 -1.59797e-18 1.8381e-18 1.2654e-33
Plastic strain_mean 1.29429e-19 7.18107e-09 0 7.18107e-09 -1.29429e-19 0 0 0 0
Plastic strain_rate_mean 0 0 0 0 0 0 0 0 0
Dissipation 2.39488e-07
End step 9
Begin step 10
Stress 2.69294e-14 66.6637 7.96865e-12 66.6637 -4.86728e-15 1.06118e-12 7.96865e-12 1.06118e-12 6.62451e-15
Strain 0 0.000333333 0 0.000333333 0 0 0 0 0
Strain mean 4.40655e-20 0.000333333 3.98432e-17 0.000333333 -1.44445e-34 5.3059e-18 3.98432e-17 5.3059e-18 -2.21783e-33
Plastic strain_mean -5.74589e-20 1.48914e-08 0 1.48914e-08 5.74589e-20 0 0 0 0
Plastic strain_rate_mean 0 0 0 0 0 0 0 0 0
Dissipation 5.13997e-07
End step 10
Begin step 11
Stress 4.8677e-14 73.3276 6.96392e-12 73.3276 -4.98695e-14 9.7509e-13 6.96392e-12 9.7509e-13 -3.58081e-16
Strain 0 0.000366667 0 0.000366667 0 0 0 0 0
Strain mean -2.38192e-21 0.000366667 3.48196e-17 0.000366667 1.26389e-34 4.87545e-18 3.48196e-17 4.87545e-18 -2.02223e-33
Plastic strain_mean -2.47557e-19 2.8877e-08 0 2.8877e-08 2.47557e-19 0 0 0 0
Plastic strain_rate_mean 0 0 0 0 0 0 0 0 0
Dissipation 1.02553e-06
End step 11
Begin step 12
Stress 9.2178e-14 79.9894 5.77172e-12 79.9894 -8.68842e-14 8.60576e-13 5.77172e-12 8.60576e-13 1.58953e-15
Strain 0 0.0004 0 0.0004 0 0 0 0 0
Strain mean 1.05734e-20 0.0004 2.88586e-17 0.0004 -1.82061e-34 4.30288e-18 2.88586e-17 4.30288e-18 -1.57084e-33
Plastic strain_mean -4.42369e-19 5.29602e-08 0 5.29602e-08 4.42369e-19 0 0 0 0
Plastic strain_rate_mean 0 0 0 0 0 0 0 0 0
Dissipation 1.9264e-06
End step 12
Begin step 13
Stress 1.42722e-13 86.6481 4.51276e-12 86.6481 -1.22638e-13 7.34845e-13 4.51276e-12 7.34845e-13 6.03062e-15
Strain 0 0.000433333 0 0.000433333 0 0 0 0 0
Strain mean 4.0115e-20 0.000433333 2.25638e-17 0.000433333 -2.37544e-34 3.67422e-18 2.25638e-17 3.67422e-18 -1.23982e-33
Plastic strain_mean -6.43343e-19 9.26571e-08 0 9.26571e-08 6.43343e-19 0 0 0 0
Plastic strain_rate_mean 0 0 0 0 0 0 0 0 0
Dissipation 3.43966e-06
End step 13
Begin step 14
Stress 1.82292e-13 93.3022 3.33587e-12 93.3022 -1.65073e-13 6.10186e-13 3.33587e-12 6.10186e-13 5.17035e-15
Strain 0 0.000466667 0 0.000466667 0 0 0 0 0
Strain mean 3.43926e-20 0.000466667 1.66794e-17 0.000466667 4.18288e-34 3.05093e-18 1.66794e-17 3.05093e-18 -1.04873e-33
Plastic strain_mean -8.51216e-19 1.55692e-07 0 1.55692e-07 8.51216e-19 0 0 0 0
Plastic strain_rate_mean 0 0 0 0 0 0 0 0 0
Dissipation 5.88132e-06
End step 14
Begin step 15
Stress 1.99028e-13 99.9495 4.13143e-12 99.9495 -1.81881e-13 -2.20986e-12 4.13143e-12 -2.20986e-12 5.14851e-15
Strain 0 0.0005 0 0.0005 0 0 0 0 0
Strain mean 3.42473e-20 0.0005 2.06571e-17 0.0005 9.1903e-33 -1.10493e-17 2.06571e-17 -1.10493e-17 6.46842e-33
Plastic strain_mean -9.35148e-19 2.52606e-07 0 2.52606e-07 9.35148e-19 0 0 0 0
Plastic strain_rate_mean 0 0 0 0 0 0 0 0 0
Dissipation 9.68646e-06
End step 15
Begin step 16
Stress 1.94724e-13 106.587 5.16987e-12 106.587 -1.98025e-13 -2.82582e-12 5.16987e-12 -2.82582e-12 -9.91274e-16
Strain 0 0.000533333 0 0.000533333 0 0 0 0 0
Strain mean -6.59384e-21 0.000533333 2.58494e-17 0.000533333 -1.33611e-32 -1.41291e-17 2.58494e-17 -1.41291e-17 7.77745e-33
Plastic strain_mean -9.8517e-19 3.97453e-07 0 3.97453e-07 9.8517e-19 0 0 0 0
Plastic strain_rate_mean 0 0 0 0 0 0 0 0 0
Dissipation 1.54388e-05
End step 16
Begin step 17
Stress 2.04455e-13 113.212 6.25768e-12 113.212 -1.88545e-13 -3.48851e-12 6.25768e-12 -3.48851e-12 4.77733e-15
Strain 0 0.000566667 0 0.000566667 0 0 0 0 0
Strain mean 3.17783e-20 0.000566667 3.12884e-17 0.000566667 5.00742e-33 -1.74425e-17 3.12884e-17 -1.74425e-17 1.08725e-32
Plastic strain_mean -9.66612e-19 6.08591e-07 0 6.08591e-07 9.66612e-19 0 0 0 0
Plastic strain_rate_mean 0 0 0 0 0 0 0 0 0
Dissipation 2.39033e-05
End step 17
Begin step 18
Stress 1.93405e-13 119.818 1.47427e-12 119.818 -2.49891e-13 -2.00736e-12 1.47427e-12 -2.00736e-12 -1.69608e-14
Strain 0 0.0006 0 0.0006 0 0 0 0 0
Strain mean -1.12822e-19 0.0006 7.37135e-18 0.0006 2.10287e-32 -1.00368e-17 7.37135e-18 -1.00368e-17 1.92593e-34
Plastic strain_mean -1.16465e-18 9.0955e-07 0 9.0955e-07 1.16465e-18 0 0 0 0
Plastic strain_rate_mean 0 0 0 0 0 0 0 0 0
Dissipation 3.60602e-05
End step 18
Begin step 19
Stress 2.77482e-13 126.401 1.4573e-12 126.401 -2.78936e-13 -2.15713e-12 1.4573e-12 -2.15713e-12 -4.36685e-16
Strain 0 0.000633333 0 0.000633333 0 0 0 0 0
Strain mean -2.90478e-21 0.000633333 7.28651e-18 0.000633333 -1.02195e-32 -1.07856e-17 7.28651e-18 -1.07856e-17 -7.40279e-34
Plastic strain_mean -1.3925e-18 1.32995e-06 0 1.32995e-06 1.3925e-18 0 0 0 0
Plastic strain_rate_mean 0 0 0 0 0 0 0 0 0
Dissipation 5.31392e-05
End step 19
Begin step 20
Stress 3.13575e-13 132.952 1.44315e-12 132.952 -3.31609e-13 -2.28969e-12 1.44315e-12 -2.28969e-12 -5.41489e-15
Strain 0 0.000666667 0 0.000666667 0 0 0 0 0
Strain mean -3.60192e-20 0.000666667 7.21575e-18 0.000666667 -4.30205e-32 -1.14485e-17 7.21575e-18 -1.14485e-17 -7.46298e-34
Plastic strain_mean -1.63097e-18 1.90648e-06 0 1.90648e-06 1.63097e-18 0 0 0 0
Plastic strain_rate_mean 0 0 0 0 0 0 0 0 0
Dissipation 7.66492e-05
End step 20
Begin step 21
Stress 3.73496e-13 139.463 1.3571e-12 139.463 -3.6698e-13 -2.38693e-12 1.3571e-12 -2.38693e-12 1.95635e-15
Strain 0 0.0007 0 0.0007 0 0 0 0 0
Strain mean 1.30134e-20 0.0007 6.78552e-18 0.0007 5.18436e-32 -1.19346e-17 6.78552e-18 -1.19346e-17 -1.01713e-33
Plastic strain_mean -1.84468e-18 2.68376e-06 0 2.68376e-06 1.84468e-18 0 0 0 0
Plastic strain_rate_mean 0 0 0 0 0 0 0 0 0
Dissipation 0.000108402
End step 21
Begin step 22
Stress 4.36767e-13 145.924 1.2363e-12 145.924 -3.79641e-13 -2.42947e-12 1.2363e-12 -2.42947e-12 1.7153e-14
Strain 0 0.000733333 0 0.000733333 0 0 0 0 0
Strain mean 1.141e-19 0.000733333 6.18152e-18 0.000733333 -1.15806e-31 -1.21474e-17 6.18152e-18 -1.21474e-17 -1.45047e-33
Plastic strain_mean -1.98397e-18 3.71526e-06 0 3.71526e-06 1.98397e-18 0 0 0 0
Plastic strain_rate_mean 0 0 0 0 0 0 0 0 0
Dissipation 0.000150519
End step 22
Begin step 23
Stress 3.44227e-13 152.321 1.04206e-12 152.321 -4.17002e-13 -2.40767e-12 1.04206e-12 -2.40767e-12 -2.18517e-14
Strain 0 0.000766667 0 0.000766667 0 0 0 0 0
Strain mean -1.45355e-19 0.000766667 5.21029e-18 0.000766667 1.66161e-31 -1.20384e-17 5.21029e-18 -1.20384e-17 -2.09445e-33
Plastic strain_mean -1.97575e-18 5.06391e-06 0 5.06391e-06 1.97575e-18 0 0 0 0
Plastic strain_rate_mean 0 0 0 0 0 0 0 0 0
Dissipation 0.000205424
End step 23
Begin step 24
Stress 2.98692e-13 158.64 7.11205e-13 158.64 -3.69779e-13 -2.29423e-12 7.11205e-13 -2.29423e-12 -2.13452e-14
Strain 0 0.0008 0 0.0008 0 0 0 0 0
Strain mean -1.41985e-19 0.0008 3.55603e-18 0.0008 -7.70673e-32 -1.14712e-17 3.55603e-18 -1.14712e-17 -2.02824e-33
Plastic strain_mean -1.74217e-18 6.80248e-06 0 6.80248e-06 1.74217e-18 0 0 0 0
Plastic strain_rate_mean 0 0 0 0 0 0 0 0 0
Dissipation 0.000275802
End step 24
Begin step 25
Stress 2.73003e-13 164.864 2.99802e-13 164.864 -2.25185e-13 -2.06953e-12 2.99802e-13 -2.06953e-12 1.43582e-14
Strain 0 0.000833333 0 0.000833333 0 0 0 0 0
Strain mean 9.55091e-20 0.000833333 1.49901e-18 0.000833333 -1.183e-31 -1.03477e-17 1.49901e-18 -1.03477e-17 -3.08751e-33
Plastic strain_mean -1.19772e-18 9.01362e-06 0 9.01362e-06 1.19772e-18 0 0 0 0
Plastic strain_rate_mean 0 0 0 0 0 0 0 0 0
Dissipation 0.000364529
End step 25
Begin step 26
Stress 2.20529e-13 170.975 1.13098e-12 170.975 -2.39988e-13 1.78332e-12 1.13098e-12 1.78332e-12 -5.84284e-15
Strain 0 0.000866667 0 0.000866667 0 0 0 0 0
Strain mean -3.88659e-20 0.000866667 5.65491e-18 0.000866667 -4.60297e-32 8.91658e-18 5.65491e-18 8.91658e-18 -1.20935e-33
Plastic strain_mean -1.17073e-18 1.17893e-05 0 1.17893e-05 1.17073e-18 0 0 0 0
Plastic strain_rate_mean 0 0 0 0 0 0 0 0 0
Dissipation 0.000474553
End step 26
Begin step 27
Stress 2.82469e-13 176.954 1.26497e-12 176.954 -1.93813e-13 1.62351e-12 1.26497e-12 1.62351e-12 2.66203e-14
Strain 0 0.0009 0 0.0009 0 0 0 0 0
Strain mean 1.77075e-19 0.0009 6.32486e-18 0.0009 -2.8706e-31 8.11757e-18 6.32486e-18 8.11757e-18 -1.33536e-33
Plastic strain_mean -1.10217e-18 1.52295e-05 0 1.52295e-05 1.10217e-18 0 0 0 0
Plastic strain_rate_mean 0 0 0 0 0 0 0 0 0
Dissipation 0.000608745
End step 27
Begin step 28
Stress 2.17591e-13 182.779 1.48587e-12 182.779 -1.8926e-13 1.40969e-12 1.48587e-12 1.40969e-12 8.50662e-15
Strain 0 0.000933333 0 0.000933333 0 0 0 0 0
Strain mean 5.65851e-20 0.000933333 7.42936e-18 0.000933333 -7.60742e-33 7.04843e-18 7.42936e-18 7.04843e-18 -1.35868e-33
Plastic strain_mean -9.88834e-19 1.94408e-05 0 1.94408e-05 9.88834e-19 0 0 0 0
Plastic strain_rate_mean 0 0 0 0 0 0 0 0 0
Dissipation 0.000769698
End step 28
Begin step 29
Stress 1.19606e-13 188.427 1.59376e-12 188.427 -1.84818e-13 1.16812e-12 1.59376e-12 1.16812e-12 -1.95809e-14
Strain 0 0.000966667 0 0.000966667 0 0 0 0 0
Strain mean -1.3025e-19 0.000966667 7.96879e-18 0.000966667 2.03667e-31 5.8406e-18 7.96879e-18 5.8406e-18 -2.5338e-33
Plastic strain_mean -8.26185e-19 2.45332e-05 0 2.45332e-05 8.26185e-19 0 0 0 0
Plastic strain_rate_mean 0 0 0 0 0 0 0 0 0
Dissipation 0.000959502
End step 29
Begin step 30
Stress 1.87332e-13 193.877 1.44618e-12 193.877 -9.91707e-14 9.35664e-13 1.44618e-12 9.35664e-13 2.64718e-14
Strain 0 0.001 0 0.001 0 0 0 0 0
Strain mean 1.76088e-19 0.001 7.23091e-18 0.001 -5.83557e-32 4.67832e-18 7.23091e-18 4.67832e-18 -1.95e-33
Plastic strain_mean -6.28213e-19 3.06175e-05 0 3.06175e-05 6.28213e-19 0 0 0 0
Plastic strain_rate_mean 0 0 0 0 0 0 0 0 0
Dissipation 0.00117951
End step 30
