Begin step 0
Stress 0 0 0 0 0 0 0 0 0
Strain 0 0 0 0 0 0 0 0 0
Strain mean 0 0 0 0 0 0 0 0 0
Plastic strain_mean 0 0 0 0 0 0 0 0 0
Plastic strain_rate_mean 0 0 0 0 0 0 0 0 0
Dissipation 0
End step 0
Begin step 1
Stress -2.3871e-18 6.64106 1.34969e-12 6.64106 -8.14762e-16 -9.69962e-13 1.34969e-12 -9.69962e-13 -2.45362e-16
Strain 0 3.33333e-05 0 3.33333e-05 0 0 0 0 0
Strain mean -1.63212e-21 3.33333e-05 6.74846e-18 3.33333e-05 -1.38426e-33 -4.84981e-18 6.74846e-18 -4.84981e-18 -7.24105e-34
Plastic strain_mean -2.847e-21 1.28028e-07 0 1.28028e-07 2.847e-21 0 0 0 0
Plastic strain_rate_mean 0 0 0 0 0 0 0 0 0
Dissipation 8.50234e-07
End step 1
Begin step 2
Stress -2.20668e-15 13.2566 -2.59063e-13 13.2566 8.06893e-16 2.61179e-12 -2.59063e-13 2.61179e-12 -4.20309e-16
Strain 0 6.66667e-05 0 6.66667e-05 0 0 0 0 0
Strain mean -2.79585e-21 6.66667e-05 -1.29531e-18 6.66667e-05 1.10982e-32 1.30589e-17 -1.29531e-18 1.30589e-17 1.69271e-33
Plastic strain_mean 6.13601e-21 3.8359e-07 0 3.8359e-07 -6.13601e-21 0 0 0 0
Plastic strain_rate_mean 0 0 0 0 0 0 0 0 0
Dissipation 3.38785e-06
End step 2
Begin step 3
Stress 7.3594e-15 19.8468 -2.5189e-13 19.8468 7.48198e-15 2.60041e-12 -2.5189e-13 2.60041e-12 4.45637e-15
Strain 0 0.0001 0 0.0001 0 0 0 0 0
Strain mean 2.96432e-20 0.0001 -1.25945e-18 0.0001 8.90743e-33 1.3002e-17 -1.25945e-18 1.3002e-17 2.04254e-33
Plastic strain_mean 1.51281e-20 7.66195e-07 0 7.66195e-07 -1.51281e-20 0 0 0 0
Plastic strain_rate_mean 0 0 0 0 0 0 0 0 0
Dissipation 7.59337e-06
End step 3
Begin step 4
Stress 5.76343e-15 26.4116 -2.51612e-13 26.4116 9.31792e-15 2.58907e-12 -2.51612e-13 2.58907e-12 4.52842e-15
Strain 0 0.000133333 0 0.000133333 0 0 0 0 0
Strain mean 3.01225e-20 0.000133333 -1.25806e-18 0.000133333 1.32408e-33 1.29453e-17 -1.25806e-18 1.29453e-17 1.77622e-33
Plastic strain_mean 2.39475e-20 1.27535e-06 0 1.27535e-06 -2.39475e-20 0 0 0 0
Plastic strain_rate_mean 0 0 0 0 0 0 0 0 0
Dissipation 1.34475e-05
End step 4
Begin step 5
Stress -4.32746e-15 32.9512 -2.43887e-13 32.9512 7.44698e-15 2.57808e-12 -2.43887e-13 2.57808e-12 9.36689e-16
Strain 0 0.000166667 0 0.000166667 0 0 0 0 0
Strain mean 6.23075e-21 0.000166667 -1.21944e-18 0.000166667 -3.22593e-33 1.28904e-17 -1.21944e-18 1.28904e-17 2.04931e-33
Plastic strain_mean 3.25515e-20 1.91058e-06 0 1.91058e-06 -3.25515e-20 0 0 0 0
Plastic strain_rate_mean 0 0 0 0 0 0 0 0 0
Dissipation 2.0931e-05
End step 5
Begin step 6
Stress 1.405e-15 39.4657 -2.42435e-13 39.4657 1.23093e-14 2.56709e-12 -2.42435e-13 2.56709e-12 4.11794e-15
Strain 0 0.0002 0 0.0002 0 0 0 0 0
Strain mean 2.7392e-20 0.0002 -1.21218e-18 0.0002 3.9963e-33 1.28355e-17 -1.21218e-18 1.28355e-17 1.90186e-33
Plastic strain_mean 4.09567e-20 2.67138e-06 0 2.67138e-06 -4.09567e-20 0 0 0 0
Plastic strain_rate_mean 0 0 0 0 0 0 0 0 0
Dissipation 3.0025e-05
End step 6
Begin step 7
Stress 1.19633e-14 45.9551 -2.12176e-12 45.9551 2.47512e-14 1.4184e-12 -2.12176e-12 1.4184e-12 1.10241e-14
Strain 0 0.000233333 0 0.000233333 0 0 0 0 0
Strain mean 7.33311e-20 0.000233333 -1.06088e-17 0.000233333 5.46483e-33 7.09202e-18 -1.06088e-17 7.09202e-18 3.31621e-33
Plastic strain_mean 6.86353e-20 3.55798e-06 0 3.55798e-06 -6.86353e-20 0 0 0 0
Plastic strain_rate_mean 0 0 0 0 0 0 0 0 0
Dissipation 4.07424e-05
End step 7
Begin step 8
Stress -8.65866e-14 52.418 5.92278e-12 52.418 7.98094e-14 -4.58978e-12 5.92278e-12 -4.58978e-12 -2.03495e-15
Strain 0 0.000266667 0 0.000266667 0 0 0 0 0
Strain mean -1.35363e-20 0.000266667 2.96139e-17 0.000266667 2.98519e-33 -2.29489e-17 2.96139e-17 -2.29489e-17 7.76992e-33
Plastic strain_mean 4.09222e-19 4.57642e-06 0 4.57642e-06 -4.09222e-19 0 0 0 0
Plastic strain_rate_mean 0 0 0 0 0 0 0 0 0
Dissipation 5.33831e-05
End step 8
Begin step 9
Stress 2.89931e-16 58.8487 7.37564e-13 58.8487 3.50938e-14 -1.86403e-12 7.37564e-13 -1.86403e-12 1.06245e-14
Strain 0 0.0003 0 0.0003 0 0 0 0 0
Strain mean 7.06732e-20 0.0003 3.68782e-18 0.0003 -4.82325e-32 -9.32013e-18 3.68782e-18 -9.32013e-18 -9.81021e-34
Plastic strain_mean 1.22346e-19 5.75632e-06 0 5.75632e-06 -1.22346e-19 0 0 0 0
Plastic strain_rate_mean 0 0 0 0 0 0 0 0 0
Dissipation 6.9433e-05
End step 9
Begin step 10
Stress -1.98877e-13 65.2374 2.61397e-12 65.2374 1.85425e-13 2.34656e-12 2.61397e-12 2.34656e-12 -4.03933e-15
Strain 0 0.000333333 0 0.000333333 0 0 0 0 0
Strain mean -2.68692e-20 0.000333333 1.30699e-17 0.000333333 7.23187e-32 1.17328e-17 1.30699e-17 1.17328e-17 5.05557e-33
Plastic strain_mean 9.4732e-19 7.14622e-06 0 7.14622e-06 -9.4732e-19 0 0 0 0
Plastic strain_rate_mean 0 0 0 0 0 0 0 0 0
Dissipation 9.06693e-05
End step 10
Begin step 11
Stress -2.05269e-13 71.5693 9.25204e-13 71.5693 1.95241e-13 -8.25393e-13 9.25204e-13 -8.25393e-13 -3.01094e-15
Strain 0 0.000366667 0 0.000366667 0 0 0 0 0
Strain mean -2.00284e-20 0.000366667 4.62602e-18 0.000366667 1.52919e-31 -4.12697e-18 4.62602e-18 -4.12697e-18 3.69935e-33
Plastic strain_mean 9.91262e-19 8.81999e-06 0 8.81999e-06 -9.91262e-19 0 0 0 0
Plastic strain_rate_mean 0 0 0 0 0 0 0 0 0
Dissipation 0.000119784
End step 11
Begin step 12
Stress -1.45357e-13 77.8201 3.21453e-12 77.8201 1.73404e-13 3.41401e-13 3.21453e-12 3.41401e-13 8.42147e-15
Strain 0 0.0004 0 0.0004 0 0 0 0 0
Strain mean 5.60186e-20 0.0004 1.60727e-17 0.0004 5.38057e-33 1.70701e-18 1.60727e-17 1.70701e-18 -3.69538e-33
Plastic strain_mean 8.24912e-19 1.08994e-05 0 1.08994e-05 -8.24912e-19 0 0 0 0
Plastic strain_rate_mean 0 0 0 0 0 0 0 0 0
Dissipation 0.000161809
End step 12
Begin step 13
Stress -7.82887e-14 83.9478 -2.76235e-12 83.9478 3.7553e-14 1.23626e-12 -2.76235e-12 1.23626e-12 -1.22315e-14
Strain 0 0.000433333 0 0.000433333 0 0 0 0 0
Strain mean -8.13628e-20 0.000433333 -1.38117e-17 0.000433333 -6.10279e-33 6.18132e-18 -1.38117e-17 6.18132e-18 -7.71124e-34
Plastic strain_mean 2.48923e-19 1.35941e-05 0 1.35941e-05 -2.48923e-19 0 0 0 0
Plastic strain_rate_mean 0 0 0 0 0 0 0 0 0
Dissipation 0.000226198
End step 13
Begin step 14
Stress -4.08204e-13 89.8739 3.65535e-12 89.8739 4.25162e-13 -1.84929e-12 3.65535e-12 -1.84929e-12 5.09174e-15
Strain 0 0.000466667 0 0.000466667 0 0 0 0 0
Strain mean 3.38697e-20 0.000466667 1.82768e-17 0.000466667 1.45564e-31 -9.24646e-18 1.82768e-17 -9.24646e-18 5.2301e-33
Plastic strain_mean 2.10035e-18 1.72971e-05 0 1.72971e-05 -2.10035e-18 0 0 0 0
Plastic strain_rate_mean 0 0 0 0 0 0 0 0 0
Dissipation 0.00033277
End step 14
Begin step 15
Stress -7.86957e-13 95.4372 -4.76227e-13 95.4372 7.81503e-13 6.89182e-12 -4.76227e-13 6.89182e-12 -1.63757e-15
Strain 0 0.0005 0 0.0005 0 0 0 0 0
Strain mean -1.08929e-20 0.0005 -2.38114e-18 0.0005 -9.96669e-32 3.44591e-17 -2.38114e-18 3.44591e-17 -1.57385e-33
Plastic strain_mean 3.9157e-18 2.28139e-05 0 2.28139e-05 -3.9157e-18 0 0 0 0
Plastic strain_rate_mean 0 0 0 0 0 0 0 0 0
Dissipation 0.000526443
End step 15
Begin step 16
Stress -6.78533e-13 100.285 1.53698e-13 100.285 6.48734e-13 -2.45002e-12 1.53698e-13 -2.45002e-12 -8.94767e-15
Strain 0 0.000533333 0 0.000533333 0 0 0 0 0
Strain mean -5.95189e-20 0.000533333 7.6849e-19 0.000533333 -8.49817e-33 -1.22501e-17 7.6849e-19 -1.22501e-17 -4.09561e-33
Plastic strain_mean 3.28841e-18 3.19088e-05 0 3.19088e-05 -3.28841e-18 0 0 0 0
Plastic strain_rate_mean 0 0 0 0 0 0 0 0 0
Dissipation 0.000911933
End step 16
Begin step 17
Stress 5.60365e-13 103.772 5.04226e-13 103.772 -5.22989e-13 -1.67552e-12 5.04226e-13 -1.67552e-12 1.12228e-14
Strain 0 0.000566667 0 0.000566667 0 0 0 0 0
Strain mean 7.46528e-20 0.000566667 2.52113e-18 0.000566667 5.5852e-33 -8.37762e-18 2.52113e-18 -8.37762e-18 -1.3805e-34
Plastic strain_mean -2.67106e-18 4.78049e-05 0 4.78049e-05 2.67106e-18 0 0 0 0
Plastic strain_rate_mean 0 0 0 0 0 0 0 0 0
Dissipation 0.00164921
End step 17
Begin step 18
Stress -3.94637e-13 105.553 9.10195e-13 105.553 4.16074e-13 -2.05042e-12 9.10195e-13 -2.05042e-12 6.43673e-15
Strain 0 0.0006 0 0.0006 0 0 0 0 0
Strain mean 4.28164e-20 0.0006 4.55098e-18 0.0006 1.68519e-33 -1.02521e-17 4.55098e-18 -1.02521e-17 -1.40636e-33
Plastic strain_mean 2.04819e-18 7.2235e-05 0 7.2235e-05 -2.04819e-18 0 0 0 0
Plastic strain_rate_mean 0 0 0 0 0 0 0 0 0
Dissipation 0.00257785
End step 18
Begin step 19
Stress 2.74196e-12 106.22 -6.14441e-13 106.22 -2.71481e-12 7.62126e-12 -6.14441e-13 7.62126e-12 8.1529e-15
Strain 0 0.000633333 0 0.000633333 0 0 0 0 0
Strain mean 5.42322e-20 0.000633333 -3.07221e-18 0.000633333 -3.26204e-33 3.81063e-17 -3.07221e-18 3.81063e-17 1.625e-33
Plastic strain_mean -1.36148e-17 0.000102234 0 0.000102234 1.36148e-17 0 0 0 0
Plastic strain_rate_mean 0 0 0 0 0 0 0 0 0
Dissipation 0.00318522
End step 19
Begin step 20
Stress 8.36642e-13 106.444 -9.37061e-14 106.444 -8.51084e-13 -9.35779e-13 -9.37061e-14 -9.35779e-13 -4.33628e-15
Strain 0 0.000666667 0 0.000666667 0 0 0 0 0
Strain mean -2.88444e-20 0.000666667 -4.68531e-19 0.000666667 5.59723e-34 -4.6789e-18 -4.68531e-19 -4.6789e-18 2.84376e-34
Plastic strain_mean -4.23374e-18 0.000134446 0 0.000134446 4.23374e-18 0 0 0 0
Plastic strain_rate_mean 0 0 0 0 0 0 0 0 0
Dissipation 0.00342708
End step 20
Begin step 21
Stress -1.48446e-12 106.528 5.41511e-13 106.528 1.40638e-12 -3.82462e-12 5.41511e-13 -3.82462e-12 -2.34456e-14
Strain 0 0.0007 0 0.0007 0 0 0 0 0
Strain mean -1.55957e-19 0.0007 2.70755e-18 0.0007 -3.68334e-33 -1.91231e-17 2.70755e-18 -1.91231e-17 -2.37732e-34
Plastic strain_mean 7.14912e-18 0.00016736 0 0.00016736 -7.14912e-18 0 0 0 0
Plastic strain_rate_mean 0 0 0 0 0 0 0 0 0
Dissipation 0.00350419
End step 21
Begin step 22
Stress -1.27863e-12 106.571 1.04499e-12 106.571 1.26901e-12 -1.18568e-13 1.04499e-12 -1.18568e-13 -2.88649e-15
Strain 0 0.000733333 0 0.000733333 0 0 0 0 0
Strain mean -1.92006e-20 0.000733333 5.22497e-18 0.000733333 -2.40741e-35 -5.92838e-19 5.22497e-18 -5.92838e-19 -1.12547e-33
Plastic strain_mean 6.3595e-18 0.00020048 0 0.00020048 -6.3595e-18 0 0 0 0
Plastic strain_rate_mean 0 0 0 0 0 0 0 0 0
Dissipation 0.0035274
End step 22
Begin step 23
Stress -5.93579e-13 106.601 -1.13196e-12 106.601 5.96691e-13 -2.85834e-12 -1.13196e-12 -2.85834e-12 9.34505e-16
Strain 0 0.000766667 0 0.000766667 0 0 0 0 0
Strain mean 6.21622e-21 0.000766667 -5.65981e-18 0.000766667 3.12964e-34 -1.42917e-17 -5.65981e-18 -1.42917e-17 4.33334e-34
Plastic strain_mean 2.97878e-18 0.000233662 0 0.000233662 -2.97878e-18 0 0 0 0
Plastic strain_rate_mean 0 0 0 0 0 0 0 0 0
Dissipation 0.00353467
End step 23
Begin step 24
Stress -5.60892e-13 106.627 -1.60422e-12 106.627 6.52674e-13 -3.62173e-12 -1.60422e-12 -3.62173e-12 2.75592e-14
Strain 0 0.0008 0 0.0008 0 0 0 0 0
Strain mean 1.8332e-19 0.0008 -8.0211e-18 0.0008 5.12779e-33 -1.81087e-17 -8.0211e-18 -1.81087e-17 2.02824e-33
Plastic strain_mean 3.12558e-18 0.000266863 0 0.000266863 -3.12558e-18 0 0 0 0
Plastic strain_rate_mean 0 0 0 0 0 0 0 0 0
Dissipation 0.00353734
End step 24
Begin step 25
Stress -5.65317e-13 106.652 -1.54178e-12 106.652 5.48767e-13 -3.41829e-12 -1.54178e-12 -3.41829e-12 -4.96947e-15
Strain 0 0.000833333 0 0.000833333 0 0 0 0 0
Strain mean -3.30564e-20 0.000833333 -7.7089e-18 0.000833333 3.35834e-33 -1.70914e-17 -7.7089e-18 -1.70914e-17 3.43056e-34
Plastic strain_mean 2.76868e-18 0.000300071 0 0.000300071 -2.76868e-18 0 0 0 0
Plastic strain_rate_mean 0 0 0 0 0 0 0 0 0
Dissipation 0.00353868
End step 25
Begin step 26
Stress -5.32906e-13 106.677 -1.41163e-12 106.677 4.58677e-13 -3.08487e-12 -1.41163e-12 -3.08487e-12 -2.22884e-14
Strain 0 0.000866667 0 0.000866667 0 0 0 0 0
Strain mean -1.4826e-19 0.000866667 -7.05816e-18 0.000866667 -3.28612e-33 -1.54243e-17 -7.05816e-18 -1.54243e-17 5.7176e-34
Plastic strain_mean 2.40483e-18 0.000333282 0 0.000333282 -2.40483e-18 0 0 0 0
Plastic strain_rate_mean 0 0 0 0 0 0 0 0 0
Dissipation 0.00353961
End step 26
Begin step 27
Stress -3.45045e-13 106.701 -1.25212e-12 106.701 3.917e-13 -2.76403e-12 -1.25212e-12 -2.76403e-12 1.40088e-14
Strain 0 0.0009 0 0.0009 0 0 0 0 0
Strain mean 9.31852e-20 0.0009 -6.26062e-18 0.0009 1.34815e-33 -1.38201e-17 -6.26062e-18 -1.38201e-17 9.08798e-34
Plastic strain_mean 1.88845e-18 0.000366494 0 0.000366494 -1.88845e-18 0 0 0 0
Plastic strain_rate_mean 0 0 0 0 0 0 0 0 0
Dissipation 0.00354041
End step 27
Begin step 28
Stress -3.56687e-13 106.725 -1.09742e-12 106.725 3.11749e-13 -2.47964e-12 -1.09742e-12 -2.47964e-12 -1.34936e-14
Strain 0 0.000933333 0 0.000933333 0 0 0 0 0
Strain mean -8.97576e-20 0.000933333 -5.48712e-18 0.000933333 -1.35417e-33 -1.23982e-17 -5.48712e-18 -1.23982e-17 1.71528e-34
Plastic strain_mean 1.62621e-18 0.000399708 0 0.000399708 -1.62621e-18 0 0 0 0
Plastic strain_rate_mean 0 0 0 0 0 0 0 0 0
Dissipation 0.00354116
End step 28
Begin step 29
Stress -1.99667e-13 106.749 -9.87425e-13 106.749 2.7727e-13 -2.23881e-12 -9.87425e-13 -2.23881e-12 2.33015e-14
Strain 0 0.000966667 0 0.000966667 0 0 0 0 0
Strain mean 1.54999e-19 0.000966667 -4.93713e-18 0.000966667 4.15279e-34 -1.1194e-17 -4.93713e-18 -1.1194e-17 -1.26389e-34
Plastic strain_mean 1.26984e-18 0.000432923 0 0.000432923 -1.26984e-18 0 0 0 0
Plastic strain_rate_mean 0 0 0 0 0 0 0 0 0
Dissipation 0.00354188
End step 29
Begin step 30
Stress -2.3081e-13 106.772 -8.9983e-13 106.772 2.00996e-13 -2.03551e-12 -8.9983e-13 -2.03551e-12 -8.95204e-15
Strain 0 0.001 0 0.001 0 0 0 0 0
Strain mean -5.95479e-20 0.001 -4.49915e-18 0.001 1.29398e-33 -1.01775e-17 -4.49915e-18 -1.01775e-17 1.625e-34
Plastic strain_mean 1.04974e-18 0.000466139 0 0.000466139 -1.04974e-18 0 0 0 0
Plastic strain_rate_mean 0 0 0 0 0 0 0 0 0
Dissipation 0.00354258
End step 30
