Begin step 0
Stress 0 0 0 0 0 0 0 0 0
Strain 0 0 0 0 0 0 0 0 0
Strain mean 0 0 0 0 0 0 0 0 0
Plastic strain_mean 0 0 0 0 0 0 0 0 0
Plastic strain_rate_mean 0 0 0 0 0 0 0 0 0
Dissipation 0
End step 0
Begin step 1
Stress -4.74684e-14 6.56126 3.42899e-12 6.56126 4.81301e-14 -7.88079e-12 3.42899e-12 -7.88079e-12 1.98692e-16
Strain 0 3.33333e-05 0 3.33333e-05 0 0 0 0 0
Strain mean 1.32167e-21 3.33333e-05 1.7145e-17 3.33333e-05 -5.29631e-34 -3.9404e-17 1.7145e-17 -3.9404e-17 -7.07554e-34
Plastic strain_mean 2.39657e-19 5.27027e-07 0 5.27027e-07 -2.39657e-19 0 0 0 0
Plastic strain_rate_mean 0 0 0 0 0 0 0 0 0
Dissipation 3.45787e-06
End step 1
Begin step 2
Stress -1.14783e-14 13.0188 3.88096e-13 13.0188 8.31147e-15 -2.62443e-12 3.88096e-13 -2.62443e-12 -9.50881e-16
Strain 0 6.66667e-05 0 6.66667e-05 0 0 0 0 0
Strain mean -6.32515e-21 6.66667e-05 1.94048e-18 6.66667e-05 2.50371e-33 -1.31221e-17 1.94048e-18 -1.31221e-17 -3.58667e-34
Plastic strain_mean 4.63117e-20 1.57273e-06 0 1.57273e-06 -4.63117e-20 0 0 0 0
Plastic strain_rate_mean 0 0 0 0 0 0 0 0 0
Dissipation 1.36132e-05
End step 2
Begin step 3
Stress -2.18633e-13 19.3742 2.81922e-12 19.3742 2.14016e-13 -6.36428e-12 2.81922e-12 -6.36428e-12 -1.38647e-15
Strain 0 0.0001 0 0.0001 0 0 0 0 0
Strain mean -9.22267e-21 0.0001 1.40961e-17 0.0001 -1.05926e-32 -3.18214e-17 1.40961e-17 -3.18214e-17 -5.4731e-33
Plastic strain_mean 1.07701e-18 3.12887e-06 0 3.12887e-06 -1.07701e-18 0 0 0 0
Plastic strain_rate_mean 0 0 0 0 0 0 0 0 0
Dissipation 3.01474e-05
End step 3
Begin step 4
Stress -4.04899e-13 25.6292 2.77211e-12 25.6292 4.10564e-13 -6.264e-12 2.77211e-12 -6.264e-12 1.70089e-15
Strain 0 0.000133333 0 0.000133333 0 0 0 0 0
Strain mean 1.13141e-20 0.000133333 1.38606e-17 0.000133333 1.50223e-32 -3.132e-17 1.38606e-17 -3.132e-17 -6.16298e-33
Plastic strain_mean 2.04431e-18 5.18737e-06 0 5.18737e-06 -2.04431e-18 0 0 0 0
Plastic strain_rate_mean 0 0 0 0 0 0 0 0 0
Dissipation 5.27538e-05
End step 4
Begin step 5
Stress -5.91256e-13 31.7853 2.72678e-12 31.7853 5.89656e-13 -6.16646e-12 2.72678e-12 -6.16646e-12 -4.80353e-16
Strain 0 0.000166667 0 0.000166667 0 0 0 0 0
Strain mean -3.19525e-21 0.000166667 1.36339e-17 0.000166667 -2.24371e-32 -3.08323e-17 1.36339e-17 -3.08323e-17 -5.74619e-33
Plastic strain_mean 2.95068e-18 7.74024e-06 0 7.74024e-06 -2.95068e-18 0 0 0 0
Plastic strain_rate_mean 0 0 0 0 0 0 0 0 0
Dissipation 8.11368e-05
End step 5
Begin step 6
Stress -7.53521e-13 37.8441 2.67085e-12 37.8441 7.62716e-13 -6.07012e-12 2.67085e-12 -6.07012e-12 2.76094e-15
Strain 0 0.0002 0 0.0002 0 0 0 0 0
Strain mean 1.83655e-20 0.0002 1.33542e-17 0.0002 -8.76298e-33 -3.03506e-17 1.33542e-17 -3.03506e-17 -4.99839e-33
Plastic strain_mean 3.79977e-18 1.07796e-05 0 1.07796e-05 -3.79977e-18 0 0 0 0
Plastic strain_rate_mean 0 0 0 0 0 0 0 0 0
Dissipation 0.000115012
End step 6
Begin step 7
Stress -6.40079e-13 43.8069 2.80264e-12 43.8069 6.67922e-13 -4.61841e-12 2.80264e-12 -4.61841e-12 8.36033e-15
Strain 0 0.000233333 0 0.000233333 0 0 0 0 0
Strain mean 5.5612e-20 0.000233333 1.40132e-17 0.000233333 2.16667e-34 -2.3092e-17 1.40132e-17 -2.3092e-17 -1.89847e-33
Plastic strain_mean 3.29781e-18 1.42988e-05 0 1.42988e-05 -3.29781e-18 0 0 0 0
Plastic strain_rate_mean 0 0 0 0 0 0 0 0 0
Dissipation 0.000154146
End step 7
Begin step 8
Stress -4.83449e-13 49.673 1.19747e-12 49.673 4.67655e-13 -3.00301e-12 1.19747e-12 -3.00301e-12 -4.7424e-15
Strain 0 0.000266667 0 0.000266667 0 0 0 0 0
Strain mean -3.15459e-20 0.000266667 5.98737e-18 0.000266667 -4.73779e-32 -1.5015e-17 5.98737e-18 -1.5015e-17 -1.84167e-33
Plastic strain_mean 2.36199e-18 1.83018e-05 0 1.83018e-05 -2.36199e-18 0 0 0 0
Plastic strain_rate_mean 0 0 0 0 0 0 0 0 0
Dissipation 0.000198811
End step 8
Begin step 9
Stress -4.79599e-13 55.4308 -7.50295e-13 55.4308 4.76029e-13 3.8512e-13 -7.50295e-13 3.8512e-13 -1.07206e-15
Strain 0 0.0003 0 0.0003 0 0 0 0 0
Strain mean -7.13123e-21 0.0003 -3.75148e-18 0.0003 9.91854e-33 1.9256e-18 -3.75148e-18 1.9256e-18 -6.5602e-34
Plastic strain_mean 2.3855e-18 2.28462e-05 0 2.28462e-05 -2.3855e-18 0 0 0 0
Plastic strain_rate_mean 0 0 0 0 0 0 0 0 0
Dissipation 0.000251863
End step 9
Begin step 10
Stress -5.24039e-13 61.0531 7.89989e-13 61.0531 5.44676e-13 1.79301e-12 7.89989e-13 1.79301e-12 6.19656e-15
Strain 0 0.000333333 0 0.000333333 0 0 0 0 0
Strain mean 4.12188e-20 0.000333333 3.94994e-18 0.000333333 2.66741e-31 8.96505e-18 3.94994e-18 8.96505e-18 1.45648e-33
Plastic strain_mean 2.6924e-18 2.80678e-05 0 2.80678e-05 -2.6924e-18 0 0 0 0
Plastic strain_rate_mean 0 0 0 0 0 0 0 0 0
Dissipation 0.000318735
End step 10
Begin step 11
Stress -3.46759e-13 66.5032 -8.549e-13 66.5032 3.96381e-13 7.13844e-13 -8.549e-13 7.13844e-13 1.48997e-14
Strain 0 0.000366667 0 0.000366667 0 0 0 0 0
Strain mean 9.9111e-20 0.000366667 -4.2745e-18 0.000366667 -3.37038e-34 3.56922e-18 -4.2745e-18 3.56922e-18 4.38901e-33
Plastic strain_mean 1.90741e-18 3.41505e-05 0 3.41505e-05 -1.90741e-18 0 0 0 0
Plastic strain_rate_mean 0 0 0 0 0 0 0 0 0
Dissipation 0.000404431
End step 11
Begin step 12
Stress -4.56135e-13 71.7271 -1.20719e-12 71.7271 3.9101e-13 9.66117e-13 -1.20719e-12 9.66117e-13 -1.95547e-14
Strain 0 0.0004 0 0.0004 0 0 0 0 0
Strain mean -1.30076e-19 0.0004 -6.03594e-18 0.0004 2.17871e-32 4.83058e-18 -6.03594e-18 4.83058e-18 -9.71993e-34
Plastic strain_mean 2.05283e-18 4.13644e-05 0 4.13644e-05 -2.05283e-18 0 0 0 0
Plastic strain_rate_mean 0 0 0 0 0 0 0 0 0
Dissipation 0.000517301
End step 12
Begin step 13
Stress -3.54773e-13 76.6459 -2.83499e-12 76.6459 3.65898e-13 -1.93497e-12 -2.83499e-12 -1.93497e-12 3.34064e-15
Strain 0 0.000433333 0 0.000433333 0 0 0 0 0
Strain mean 2.22215e-20 0.000433333 -1.4175e-17 0.000433333 -1.41556e-32 -9.67487e-18 -1.4175e-17 -9.67487e-18 -3.06945e-33
Plastic strain_mean 1.81279e-18 5.01036e-05 0 5.01036e-05 -1.81279e-18 0 0 0 0
Plastic strain_rate_mean 0 0 0 0 0 0 0 0 0
Dissipation 0.000669635
End step 13
Begin step 14
Stress -2.48486e-12 81.1477 1.16314e-12 81.1477 2.54006e-12 -5.36794e-12 1.16314e-12 -5.36794e-12 1.65722e-14
Strain 0 0.000466667 0 0.000466667 0 0 0 0 0
Strain mean 1.10236e-19 0.000466667 5.8157e-18 0.000466667 -6.93335e-33 -2.68397e-17 5.8157e-18 -2.68397e-17 -5.31436e-33
Plastic strain_mean 1.26174e-17 6.09283e-05 0 6.09283e-05 -1.26174e-17 0 0 0 0
Plastic strain_rate_mean 0 0 0 0 0 0 0 0 0
Dissipation 0.000878092
End step 14
Begin step 15
Stress -2.03798e-12 85.0835 -2.84556e-12 85.0835 2.04868e-12 4.25223e-12 -2.84556e-12 4.25223e-12 3.214e-15
Strain 0 0.0005 0 0.0005 0 0 0 0 0
Strain mean 2.13792e-20 0.0005 -1.42278e-17 0.0005 3.76519e-32 2.12612e-17 -1.42278e-17 2.12612e-17 1.28496e-33
Plastic strain_mean 1.02273e-17 7.45823e-05 0 7.45823e-05 -1.02273e-17 0 0 0 0
Plastic strain_rate_mean 0 0 0 0 0 0 0 0 0
Dissipation 0.00116124
End step 15
Begin step 16
Stress -2.20718e-12 88.2903 -1.768e-12 88.2903 2.18993e-12 1.82991e-12 -1.768e-12 1.82991e-12 -5.17908e-15
Strain 0 0.000533333 0 0.000533333 0 0 0 0 0
Strain mean -3.44507e-20 0.000533333 -8.83999e-18 0.000533333 -7.99261e-33 9.14954e-18 -8.83999e-18 9.14954e-18 -7.64353e-34
Plastic strain_mean 1.09756e-17 9.1882e-05 0 9.1882e-05 -1.09756e-17 0 0 0 0
Plastic strain_rate_mean 0 0 0 0 0 0 0 0 0
Dissipation 0.0015266
End step 16
Begin step 17
Stress -2.27797e-13 90.6614 -1.68429e-12 90.6614 2.84851e-13 1.33364e-12 -1.68429e-12 1.33364e-12 1.71311e-14
Strain 0 0.000566667 0 0.000566667 0 0 0 0 0
Strain mean 1.13954e-19 0.000566667 -8.42144e-18 0.000566667 7.49187e-32 6.66821e-18 -8.42144e-18 6.66821e-18 2.04367e-33
Plastic strain_mean 1.3386e-18 0.00011336 0 0.00011336 -1.3386e-18 0 0 0 0
Plastic strain_rate_mean 0 0 0 0 0 0 0 0 0
Dissipation 0.00194599
End step 17
Begin step 18
Stress 7.03678e-13 92.2317 -1.34427e-13 92.2317 -6.6287e-13 6.13693e-13 -1.34427e-13 6.13693e-13 1.22534e-14
Strain 0 0.0006 0 0.0006 0 0 0 0 0
Strain mean 8.1508e-20 0.0006 -6.72136e-19 0.0006 3.7676e-33 3.06846e-18 -6.72136e-19 3.06846e-18 -1.40533e-33
Plastic strain_mean -3.37562e-18 0.000138842 0 0.000138842 3.37562e-18 0 0 0 0
Plastic strain_rate_mean 0 0 0 0 0 0 0 0 0
Dissipation 0.00234849
End step 18
Begin step 19
Stress -1.04517e-12 93.1726 8.72006e-14 93.1726 1.04933e-12 -2.89905e-12 8.72006e-14 -2.89905e-12 1.24892e-15
Strain 0 0.000633333 0 0.000633333 0 0 0 0 0
Strain mean 8.30766e-21 0.000633333 4.36003e-19 0.000633333 -7.34261e-33 -1.44952e-17 4.36003e-19 -1.44952e-17 -4.74862e-33
Plastic strain_mean 5.24041e-18 0.00016747 0 0.00016747 -5.24041e-18 0 0 0 0
Plastic strain_rate_mean 0 0 0 0 0 0 0 0 0
Dissipation 0.0026651
End step 19
Begin step 20
Stress -3.81709e-13 93.6994 -6.34284e-13 93.6994 5.05152e-13 5.73363e-13 -6.34284e-13 5.73363e-13 3.70658e-14
Strain 0 0.000666667 0 0.000666667 0 0 0 0 0
Strain mean 2.46557e-19 0.000666667 -3.17142e-18 0.000666667 -1.57084e-33 2.86681e-18 -3.17142e-18 2.86681e-18 -5.6499e-34
Plastic strain_mean 2.34043e-18 0.00019817 0 0.00019817 -2.34043e-18 0 0 0 0
Plastic strain_rate_mean 0 0 0 0 0 0 0 0 0
Dissipation 0.00287368
End step 20
Begin step 21
Stress -7.16253e-13 93.9863 -3.79956e-13 93.9863 7.19903e-13 -8.80623e-14 -3.79956e-13 -8.80623e-14 1.09608e-15
Strain 0 0.0007 0 0.0007 0 0 0 0 0
Strain mean 7.29099e-21 0.0007 -1.89978e-18 0.0007 -2.99723e-33 -4.40312e-19 -1.89978e-18 -4.40312e-19 3.32524e-34
Plastic strain_mean 3.59404e-18 0.000230068 0 0.000230068 -3.59404e-18 0 0 0 0
Plastic strain_rate_mean 0 0 0 0 0 0 0 0 0
Dissipation 0.00299476
End step 21
Begin step 22
Stress -4.35929e-12 94.1445 4.49435e-13 94.1445 4.41746e-12 5.09309e-12 4.49435e-13 5.09309e-12 1.74674e-14
Strain 0 0.000733333 0 0.000733333 0 0 0 0 0
Strain mean 1.16191e-19 0.000733333 2.24717e-18 0.000733333 4.9352e-34 2.54655e-17 2.24717e-18 2.54655e-17 -3.9933e-33
Plastic strain_mean 2.2e-17 0.000262611 0 0.000262611 -2.2e-17 0 0 0 0
Plastic strain_rate_mean 0 0 0 0 0 0 0 0 0
Dissipation 0.00305997
End step 22
Begin step 23
Stress -3.32273e-12 94.2364 7.23382e-13 94.2364 3.27631e-12 2.32752e-12 7.23382e-13 2.32752e-12 -1.3939e-14
Strain 0 0.000766667 0 0.000766667 0 0 0 0 0
Strain mean -9.27205e-20 0.000766667 3.61691e-18 0.000766667 -2.35625e-33 1.16376e-17 3.61691e-18 1.16376e-17 -3.04839e-33
Plastic strain_mean 1.64512e-17 0.000295485 0 0.000295485 -1.64512e-17 0 0 0 0
Plastic strain_rate_mean 0 0 0 0 0 0 0 0 0
Dissipation 0.0030938
End step 23
Begin step 24
Stress -4.65429e-14 94.2948 -2.65382e-12 94.2948 -8.7764e-14 5.29905e-12 -2.65382e-12 5.29905e-12 -4.03278e-14
Strain 0 0.0008 0 0.0008 0 0 0 0 0
Strain mean -2.68256e-19 0.0008 -1.32691e-17 0.0008 -3.80371e-33 2.64952e-17 -1.32691e-17 2.64952e-17 5.91057e-33
Plastic strain_mean -2.37181e-19 0.000328526 0 0.000328526 2.37181e-19 0 0 0 0
Plastic strain_rate_mean 0 0 0 0 0 0 0 0 0
Dissipation 0.00311115
End step 24
Begin step 25
Stress -5.22364e-13 94.3364 -1.59608e-12 94.3364 5.9732e-13 9.73619e-13 -1.59608e-12 9.73619e-13 2.25067e-14
Strain 0 0.000833333 0 0.000833333 0 0 0 0 0
Strain mean 1.49712e-19 0.000833333 -7.98038e-18 0.000833333 7.01159e-33 4.8681e-18 -7.98038e-18 4.8681e-18 3.71343e-33
Plastic strain_mean 2.87407e-18 0.000361651 0 0.000361651 -2.87407e-18 0 0 0 0
Plastic strain_rate_mean 0 0 0 0 0 0 0 0 0
Dissipation 0.00312013
End step 25
Begin step 26
Stress -9.25308e-13 94.3695 -4.06591e-12 94.3695 9.64255e-13 1.18609e-13 -4.06591e-12 1.18609e-13 1.16944e-14
Strain 0 0.000866667 0 0.000866667 0 0 0 0 0
Strain mean 7.77899e-20 0.000866667 -2.03295e-17 0.000866667 -4.98334e-33 5.93047e-19 -2.03295e-17 5.93047e-19 2.3051e-33
Plastic strain_mean 4.7628e-18 0.000394819 0 0.000394819 -4.7628e-18 0 0 0 0
Plastic strain_rate_mean 0 0 0 0 0 0 0 0 0
Dissipation 0.00312493
End step 26
Begin step 27
Stress -7.43792e-13 94.3983 -5.0743e-12 94.3983 7.64153e-13 -4.17326e-13 -5.0743e-12 -4.17326e-13 6.11359e-15
Strain 0 0.0009 0 0.0009 0 0 0 0 0
Strain mean 4.06669e-20 0.0009 -2.53715e-17 0.0009 2.1125e-33 -2.08663e-18 -2.53715e-17 -2.08663e-18 2.4779e-33
Plastic strain_mean 3.79019e-18 0.000428009 0 0.000428009 -3.79019e-18 0 0 0 0
Plastic strain_rate_mean 0 0 0 0 0 0 0 0 0
Dissipation 0.00312765
End step 27
Begin step 28
Stress -5.57465e-13 94.4247 -4.82492e-12 94.4247 6.40187e-13 -5.16914e-13 -4.82492e-12 -5.16914e-13 2.48386e-14
Strain 0 0.000933333 0 0.000933333 0 0 0 0 0
Strain mean 1.65224e-19 0.000933333 -2.41246e-17 0.000933333 -4.12871e-33 -2.58457e-18 -2.41246e-17 -2.58457e-18 1.25787e-33
Plastic strain_mean 3.07674e-18 0.00046121 0 0.00046121 -3.07674e-18 0 0 0 0
Plastic strain_rate_mean 0 0 0 0 0 0 0 0 0
Dissipation 0.00312933
End step 28
Begin step 29
Stress -3.76041e-13 94.4498 -4.28558e-12 94.4498 4.49543e-13 -4.53721e-13 -4.28558e-12 -4.53721e-13 2.207e-14
Strain 0 0.000966667 0 0.000966667 0 0 0 0 0
Strain mean 1.46807e-19 0.000966667 -2.14279e-17 0.000966667 1.48056e-33 -2.2686e-18 -2.14279e-17 -2.2686e-18 1.49711e-33
Plastic strain_mean 2.13736e-18 0.000494418 0 0.000494418 -2.13736e-18 0 0 0 0
Plastic strain_rate_mean 0 0 0 0 0 0 0 0 0
Dissipation 0.0031305
End step 29
Begin step 30
Stress 1.83345e-13 94.4741 2.4206e-12 94.4741 -1.86864e-13 3.48339e-13 2.4206e-12 3.48339e-13 -1.05678e-15
Strain 0 0.001 0 0.001 0 0 0 0 0
Strain mean -7.02956e-21 0.001 1.2103e-17 0.001 9.68984e-34 1.7417e-18 1.2103e-17 1.7417e-18 -1.56482e-33
Plastic strain_mean -9.29038e-19 0.000527629 0 0.000527629 9.29038e-19 0 0 0 0
Plastic strain_rate_mean 0 0 0 0 0 0 0 0 0
Dissipation 0.00313141
End step 30
