Begin step 0
Stress 0 0 0 0 0 0 0 0 0
Strain 0 0 0 0 0 0 0 0 0
Strain mean 0 0 0 0 0 0 0 0 0
Plastic strain_mean 0 0 0 0 0 0 0 0 0
Plastic strain_rate_mean 0 0 0 0 0 0 0 0 0
Dissipation 0
End step 0
Begin step 1
Stress 2.06513e-13 6.26417 4.64463e-14 6.26417 -2.06979e-13 -1.56773e-12 4.64463e-14 -1.56773e-12 -1.39739e-16
Strain 0 3.33333e-05 0 3.33333e-05 0 0 0 0 0
Strain mean -9.29529e-22 3.33333e-05 2.32232e-19 3.33333e-05 -2.52538e-32 -7.83863e-18 2.32232e-19 -7.83863e-18 2.49468e-33
Plastic strain_mean -1.0342e-18 2.01246e-06 0 2.01246e-06 1.0342e-18 0 0 0 0
Plastic strain_rate_mean 0 0 0 0 0 0 0 0 0
Dissipation 1.2605e-05
End step 1
Begin step 2
Stress 3.55607e-13 12.1502 4.80152e-14 12.1502 -3.55643e-13 -1.36594e-12 4.80152e-14 -1.36594e-12 -1.09171e-17
Strain 0 6.66667e-05 0 6.66667e-05 0 0 0 0 0
Strain mean -7.26194e-23 6.66667e-05 2.40076e-19 6.66667e-05 2.57352e-32 -6.82968e-18 2.40076e-19 -6.82968e-18 1.43692e-33
Plastic strain_mean -1.77816e-18 5.91559e-06 0 5.91559e-06 1.77816e-18 0 0 0 0
Plastic strain_rate_mean 0 0 0 0 0 0 0 0 0
Dissipation 4.74157e-05
End step 2
Begin step 3
Stress 4.4982e-13 17.681 4.5331e-14 17.681 -4.62342e-13 -1.18707e-12 4.5331e-14 -1.18707e-12 -3.75986e-15
Strain 0 0.0001 0 0.0001 0 0 0 0 0
Strain mean -2.50101e-20 0.0001 2.26655e-19 0.0001 -4.99297e-32 -5.93536e-18 2.26655e-19 -5.93536e-18 1.62952e-33
Plastic strain_mean -2.29291e-18 1.15949e-05 0 1.15949e-05 2.29291e-18 0 0 0 0
Plastic strain_rate_mean 0 0 0 0 0 0 0 0 0
Dissipation 0.000100393
End step 3
Begin step 4
Stress 5.26777e-13 22.8781 4.90927e-14 22.8781 -5.26115e-13 -1.0315e-12 4.90927e-14 -1.0315e-12 1.98692e-16
Strain 0 0.000133333 0 0.000133333 0 0 0 0 0
Strain mean 1.32167e-21 0.000133333 2.45464e-19 0.000133333 -2.6626e-32 -5.1575e-18 2.45464e-19 -5.1575e-18 1.17963e-33
Plastic strain_mean -2.63157e-18 1.89429e-05 0 1.89429e-05 2.63157e-18 0 0 0 0
Plastic strain_rate_mean 0 0 0 0 0 0 0 0 0
Dissipation 0.000168058
End step 4
Begin step 5
Stress 5.54995e-13 27.7616 5.16524e-14 27.7616 -5.71622e-13 -8.96193e-13 5.16524e-14 -8.96193e-13 -4.9924e-15
Strain 0 0.000166667 0 0.000166667 0 0 0 0 0
Strain mean -3.32089e-20 0.000166667 2.58262e-19 0.000166667 4.81482e-35 -4.48097e-18 2.58262e-19 -4.48097e-18 8.89238e-34
Plastic strain_mean -2.83315e-18 2.78584e-05 0 2.78584e-05 2.83315e-18 0 0 0 0
Plastic strain_rate_mean 0 0 0 0 0 0 0 0 0
Dissipation 0.000247421
End step 5
Begin step 6
Stress 1.09727e-12 32.3507 4.12962e-12 32.3507 -1.08176e-12 -1.81602e-12 4.12962e-12 -1.81602e-12 4.65724e-15
Strain 0 0.0002 0 0.0002 0 0 0 0 0
Strain mean 3.09794e-20 0.0002 2.06481e-17 0.0002 2.78177e-32 -9.08012e-18 2.06481e-17 -9.08012e-18 3.96621e-33
Plastic strain_mean -5.43206e-18 3.82465e-05 0 3.82465e-05 5.43206e-18 0 0 0 0
Plastic strain_rate_mean 0 0 0 0 0 0 0 0 0
Dissipation 0.00033592
End step 6
Begin step 7
Stress 1.42877e-12 36.6631 3.65382e-12 36.6631 -1.4571e-12 -1.65272e-12 3.65382e-12 -1.65272e-12 -8.5088e-15
Strain 0 0.000233333 0 0.000233333 0 0 0 0 0
Strain mean -5.65996e-20 0.000233333 1.82691e-17 0.000233333 2.3713e-32 -8.26362e-18 1.82691e-17 -8.26362e-18 4.34538e-33
Plastic strain_mean -7.24297e-18 5.00178e-05 0 5.00178e-05 7.24297e-18 0 0 0 0
Plastic strain_rate_mean 0 0 0 0 0 0 0 0 0
Dissipation 0.000431366
End step 7
Begin step 8
Stress 1.69468e-12 40.7156 3.20692e-12 40.7156 -1.67946e-12 -1.49944e-12 3.20692e-12 -1.49944e-12 4.56772e-15
Strain 0 0.000266667 0 0.000266667 0 0 0 0 0
Strain mean 3.0384e-20 0.000266667 1.60346e-17 0.000266667 -1.2988e-32 -7.4972e-18 1.60346e-17 -7.4972e-18 2.88288e-33
Plastic strain_mean -8.42016e-18 6.30886e-05 0 6.30886e-05 8.42016e-18 0 0 0 0
Plastic strain_rate_mean 0 0 0 0 0 0 0 0 0
Dissipation 0.000531892
End step 8
Begin step 9
Stress 1.34333e-12 44.523 6.61329e-13 44.523 -1.342e-12 2.43666e-12 6.61329e-13 2.43666e-12 4.0175e-16
Strain 0 0.0003 0 0.0003 0 0 0 0 0
Strain mean 2.67239e-21 0.0003 3.30665e-18 0.0003 -1.04963e-32 1.21833e-17 3.30665e-18 1.21833e-17 -1.9722e-33
Plastic strain_mean -6.71199e-18 7.73849e-05 0 7.73849e-05 6.71199e-18 0 0 0 0
Plastic strain_rate_mean 0 0 0 0 0 0 0 0 0
Dissipation 0.000636123
End step 9
Begin step 10
Stress 1.35041e-12 48.0968 1.47574e-12 48.0968 -1.35564e-12 -1.18683e-12 1.47574e-12 -1.18683e-12 -1.57207e-15
Strain 0 0.000333333 0 0.000333333 0 0 0 0 0
Strain mean -1.04572e-20 0.000333333 7.37872e-18 0.000333333 1.19408e-31 -5.93415e-18 7.37872e-18 -5.93415e-18 2.90093e-33
Plastic strain_mean -6.77036e-18 9.28493e-05 0 9.28493e-05 6.77036e-18 0 0 0 0
Plastic strain_rate_mean 0 0 0 0 0 0 0 0 0
Dissipation 0.000743273
End step 10
Begin step 11
Stress 1.57402e-12 51.4436 -4.98761e-13 51.4436 -1.54883e-12 4.82673e-12 -4.98761e-13 4.82673e-12 7.56338e-15
Strain 0 0.000366667 0 0.000366667 0 0 0 0 0
Strain mean 5.03107e-20 0.000366667 -2.4938e-18 0.000366667 -1.57734e-31 2.41336e-17 -2.4938e-18 2.41336e-17 -7.22224e-35
Plastic strain_mean -7.78196e-18 0.000109449 0 0.000109449 7.78196e-18 0 0 0 0
Plastic strain_rate_mean 0 0 0 0 0 0 0 0 0
Dissipation 0.000853277
End step 11
Begin step 12
Stress 9.65844e-13 54.5556 3.56824e-13 54.5556 -1.00578e-12 -7.97642e-13 3.56824e-13 -7.97642e-13 -1.19914e-14
Strain 0 0.0004 0 0.0004 0 0 0 0 0
Strain mean -7.97652e-20 0.0004 1.78412e-18 0.0004 1.82434e-31 -3.98821e-18 1.78412e-18 -3.98821e-18 -1.87176e-33
Plastic strain_mean -4.96894e-18 0.000127222 0 0.000127222 4.96894e-18 0 0 0 0
Plastic strain_rate_mean 0 0 0 0 0 0 0 0 0
Dissipation 0.000968763
End step 12
Begin step 13
Stress 5.24926e-13 57.4233 -4.65994e-13 57.4233 -5.78562e-13 5.19996e-12 -4.65994e-13 5.19996e-12 -1.61049e-14
Strain 0 0.000433333 0 0.000433333 0 0 0 0 0
Strain mean -1.07128e-19 0.000433333 -2.32997e-18 0.000433333 -2.05858e-31 2.59998e-17 -2.32997e-18 2.59998e-17 -1.9801e-33
Plastic strain_mean -2.81228e-18 0.000146217 0 0.000146217 2.81228e-18 0 0 0 0
Plastic strain_rate_mean 0 0 0 0 0 0 0 0 0
Dissipation 0.00108969
End step 13
Begin step 14
Stress 2.21901e-13 60.04 1.38502e-12 60.04 -2.39397e-13 5.03972e-12 1.38502e-12 5.03972e-12 -5.25332e-15
Strain 0 0.000466667 0 0.000466667 0 0 0 0 0
Strain mean -3.49445e-20 0.000466667 6.92511e-18 0.000466667 2.56076e-31 2.51986e-17 6.92511e-18 2.51986e-17 -1.23681e-33
Plastic strain_mean -1.17072e-18 0.000166467 0 0.000166467 1.17072e-18 0 0 0 0
Plastic strain_rate_mean 0 0 0 0 0 0 0 0 0
Dissipation 0.00121449
End step 14
Begin step 15
Stress 9.55681e-13 62.4031 -3.33181e-12 62.4031 -9.65527e-13 -1.09628e-12 -3.33181e-12 -1.09628e-12 -2.95636e-15
Strain 0 0.0005 0 0.0005 0 0 0 0 0
Strain mean -1.96653e-20 0.0005 -1.66591e-17 0.0005 -1.118e-31 -5.48139e-18 -1.66591e-17 -5.48139e-18 -5.35649e-34
Plastic strain_mean -4.81285e-18 0.000187985 0 0.000187985 4.81285e-18 0 0 0 0
Plastic strain_rate_mean 0 0 0 0 0 0 0 0 0
Dissipation 0.00134118
End step 15
Begin step 16
Stress -8.96723e-13 64.5144 -4.00384e-12 64.5144 8.70647e-13 -4.65076e-12 -4.00384e-12 -4.65076e-12 -7.82976e-15
Strain 0 0.000533333 0 0.000533333 0 0 0 0 0
Strain mean -5.20827e-20 0.000533333 -2.00192e-17 0.000533333 1.4406e-31 -2.32538e-17 -2.00192e-17 -2.32538e-17 -9.19331e-34
Plastic strain_mean 4.39239e-18 0.000210761 0 0.000210761 -4.39239e-18 0 0 0 0
Plastic strain_rate_mean 0 0 0 0 0 0 0 0 0
Dissipation 0.0014675
End step 16
Begin step 17
Stress -2.5894e-12 66.3805 -4.1995e-12 66.3805 2.5864e-12 -6.74153e-12 -4.1995e-12 -6.74153e-12 -8.99571e-16
Strain 0 0.000566667 0 0.000566667 0 0 0 0 0
Strain mean -5.98384e-21 0.000566667 -2.09975e-17 0.000566667 -7.63631e-32 -3.37077e-17 -2.09975e-17 -3.37077e-17 -2.64815e-34
Plastic strain_mean 1.29365e-17 0.000234764 0 0.000234764 -1.29365e-17 0 0 0 0
Plastic strain_rate_mean 0 0 0 0 0 0 0 0 0
Dissipation 0.00159105
End step 17
Begin step 18
Stress -3.17526e-12 68.0115 -2.02591e-12 68.0115 3.21668e-12 -5.0059e-12 -2.02591e-12 -5.0059e-12 1.24368e-14
Strain 0 0.0006 0 0.0006 0 0 0 0 0
Strain mean 8.2728e-20 0.0006 -1.01296e-17 0.0006 2.48445e-32 -2.50295e-17 -1.01296e-17 -2.50295e-17 -6.37964e-34
Plastic strain_mean 1.60212e-17 0.000259943 0 0.000259943 -1.60212e-17 0 0 0 0
Plastic strain_rate_mean 0 0 0 0 0 0 0 0 0
Dissipation 0.00170979
End step 18
Begin step 19
Stress -2.50251e-12 69.4211 3.28331e-12 69.4211 2.44822e-12 1.14009e-12 3.28331e-12 1.14009e-12 -1.63014e-14
Strain 0 0.000633333 0 0.000633333 0 0 0 0 0
Strain mean -1.08435e-19 0.000633333 1.64165e-17 0.000633333 -3.68515e-32 5.70047e-18 1.64165e-17 5.70047e-18 1.3963e-33
Plastic strain_mean 1.23226e-17 0.000286228 0 0.000286228 -1.23226e-17 0 0 0 0
Plastic strain_rate_mean 0 0 0 0 0 0 0 0 0
Dissipation 0.00182169
End step 19
Begin step 20
Stress -3.99364e-12 70.6268 -5.10392e-12 70.6268 4.00399e-12 9.52018e-12 -5.10392e-12 9.52018e-12 3.1092e-15
Strain 0 0.000666667 0 0.000666667 0 0 0 0 0
Strain mean 2.0682e-20 0.000666667 -2.55196e-17 0.000666667 -6.46872e-32 4.76009e-17 -2.55196e-17 4.76009e-17 -1.22477e-33
Plastic strain_mean 2.00044e-17 0.000313532 0 0.000313532 -2.00044e-17 0 0 0 0
Plastic strain_rate_mean 0 0 0 0 0 0 0 0 0
Dissipation 0.00192498
End step 20
Begin step 21
Stress -4.51069e-12 71.6482 -2.83042e-12 71.6482 4.42795e-12 5.17779e-12 -2.83042e-12 5.17779e-12 -2.4843e-14
Strain 0 0.0007 0 0.0007 0 0 0 0 0
Strain mean -1.65253e-19 0.0007 -1.41521e-17 0.0007 -3.20667e-32 2.5889e-17 -1.41521e-17 2.5889e-17 -1.4279e-33
Plastic strain_mean 2.2264e-17 0.000341759 0 0.000341759 -2.2264e-17 0 0 0 0
Plastic strain_rate_mean 0 0 0 0 0 0 0 0 0
Dissipation 0.00201846
End step 21
Begin step 22
Stress -4.4283e-12 72.5061 1.43128e-12 72.5061 4.4112e-12 8.76736e-13 1.43128e-12 8.76736e-13 -5.13541e-15
Strain 0 0.000733333 0 0.000733333 0 0 0 0 0
Strain mean -3.41602e-20 0.000733333 7.1564e-18 0.000733333 1.21334e-32 4.38368e-18 7.1564e-18 4.38368e-18 -1.3331e-33
Plastic strain_mean 2.20817e-17 0.000370803 0 0.000370803 -2.20817e-17 0 0 0 0
Plastic strain_rate_mean 0 0 0 0 0 0 0 0 0
Dissipation 0.00210148
End step 22
Begin step 23
Stress -4.12063e-12 73.2216 1.15818e-12 73.2216 4.02869e-12 8.88375e-13 1.15818e-12 8.88375e-13 -2.76072e-14
Strain 0 0.000766667 0 0.000766667 0 0 0 0 0
Strain mean -1.8364e-19 0.000766667 5.79088e-18 0.000766667 6.76483e-33 4.44187e-18 5.79088e-18 4.44187e-18 -1.56106e-33
Plastic strain_mean 2.02815e-17 0.000400559 0 0.000400559 -2.02815e-17 0 0 0 0
Plastic strain_rate_mean 0 0 0 0 0 0 0 0 0
Dissipation 0.00217398
End step 23
Begin step 24
Stress -4.05511e-13 73.8146 1.6247e-12 73.8146 3.41055e-13 -8.04853e-12 1.6247e-12 -8.04853e-12 -1.93539e-14
Strain 0 0.0008 0 0.0008 0 0 0 0 0
Strain mean -1.2874e-19 0.0008 8.12352e-18 0.0008 -2.26297e-33 -4.02426e-17 8.12352e-18 -4.02426e-17 4.72756e-33
Plastic strain_mean 1.80205e-18 0.000430927 0 0.000430927 -1.80205e-18 0 0 0 0
Plastic strain_rate_mean 0 0 0 0 0 0 0 0 0
Dissipation 0.00223633
End step 24
Begin step 25
Stress 1.50822e-12 74.3041 1.61622e-12 74.3041 -1.50402e-12 -8.08436e-12 1.61622e-12 -8.08436e-12 1.26202e-15
Strain 0 0.000833333 0 0.000833333 0 0 0 0 0
Strain mean 8.39481e-21 0.000833333 8.08108e-18 0.000833333 -1.47574e-32 -4.04218e-17 8.08108e-18 -4.04218e-17 3.02431e-33
Plastic strain_mean -7.5264e-18 0.000461813 0 0.000461813 7.5264e-18 0 0 0 0
Plastic strain_rate_mean 0 0 0 0 0 0 0 0 0
Dissipation 0.00228925
End step 25
Begin step 26
Stress 2.33686e-12 74.7067 2.08245e-12 74.7067 -2.38302e-12 -6.27064e-12 2.08245e-12 -6.27064e-12 -1.38604e-14
Strain 0 0.000866667 0 0.000866667 0 0 0 0 0
Strain mean -9.21976e-20 0.000866667 1.04123e-17 0.000866667 -2.00116e-33 -3.13532e-17 1.04123e-17 -3.13532e-17 1.33461e-33
Plastic strain_mean -1.18458e-17 0.000493133 0 0.000493133 1.18458e-17 0 0 0 0
Plastic strain_rate_mean 0 0 0 0 0 0 0 0 0
Dissipation 0.00233366
End step 26
Begin step 27
Stress 2.58893e-12 75.0374 1.9082e-12 75.0374 -2.61708e-12 -3.45387e-12 1.9082e-12 -3.45387e-12 -8.45422e-15
Strain 0 0.0009 0 0.0009 0 0 0 0 0
Strain mean -5.62365e-20 0.0009 9.54102e-18 0.0009 -5.91622e-33 -1.72694e-17 9.54102e-18 -1.72694e-17 7.94446e-34
Plastic strain_mean -1.30432e-17 0.000524813 0 0.000524813 1.30432e-17 0 0 0 0
Plastic strain_rate_mean 0 0 0 0 0 0 0 0 0
Dissipation 0.00237057
End step 27
Begin step 28
Stress -3.863e-13 75.3089 2.65689e-12 75.3089 4.65459e-13 -1.71167e-12 2.65689e-12 -1.71167e-12 2.37688e-14
Strain 0 0.000933333 0 0.000933333 0 0 0 0 0
Strain mean 1.58107e-19 0.000933333 1.32845e-17 0.000933333 -1.98756e-31 -8.55836e-18 1.32845e-17 -8.55836e-18 -9.26101e-34
Plastic strain_mean 2.20845e-18 0.000556789 0 0.000556789 -2.20845e-18 0 0 0 0
Plastic strain_rate_mean 0 0 0 0 0 0 0 0 0
Dissipation 0.00240103
End step 28
Begin step 29
Stress -1.20032e-12 75.532 1.59645e-12 75.532 1.24395e-12 -1.51091e-12 1.59645e-12 -1.51091e-12 1.31005e-14
Strain 0 0.000966667 0 0.000966667 0 0 0 0 0
Strain mean 8.71433e-20 0.000966667 7.98223e-18 0.000966667 8.76298e-33 -7.55457e-18 7.98223e-18 -7.55457e-18 -1.1533e-33
Plastic strain_mean 6.15423e-18 0.000589006 0 0.000589006 -6.15423e-18 0 0 0 0
Plastic strain_rate_mean 0 0 0 0 0 0 0 0 0
Dissipation 0.002426
End step 29
Begin step 30
Stress -1.67285e-12 75.7159 -1.83375e-12 75.7159 1.61396e-12 -4.09901e-13 -1.83375e-12 -4.09901e-13 -1.76814e-14
Strain 0 0.001 0 0.001 0 0 0 0 0
Strain mean -1.17614e-19 0.001 -9.16873e-18 0.001 -1.79497e-31 -2.0495e-18 -9.16873e-18 -2.0495e-18 1.71519e-33
Plastic strain_mean 8.15823e-18 0.00062142 0 0.00062142 -8.15823e-18 0 0 0 0
Plastic strain_rate_mean 0 0 0 0 0 0 0 0 0
Dissipation 0.00244639
End step 30
